/usr/local/lib/python3.12/site-packages/torch/cuda/__init__.py:283: UserWarning: 
    Found GPU0 NVIDIA GB300 which is of cuda capability 10.3.
    Minimum and Maximum cuda capability supported by this version of PyTorch is
    (8.0) - (10.0)
    
  warnings.warn(
/usr/local/lib/python3.12/site-packages/torch/cuda/__init__.py:304: UserWarning: 
    Please install PyTorch with a following CUDA
    configurations:  12.8 13.0 following instructions at
    https://pytorch.org/get-started/locally/
    
  warnings.warn(matched_cuda_warn.format(matched_arches))
/usr/local/lib/python3.12/site-packages/torch/cuda/__init__.py:283: UserWarning: 
    Found GPU1 NVIDIA GB300 which is of cuda capability 10.3.
    Minimum and Maximum cuda capability supported by this version of PyTorch is
    (8.0) - (10.0)
    
  warnings.warn(
/usr/local/lib/python3.12/site-packages/torch/cuda/__init__.py:283: UserWarning: 
    Found GPU2 NVIDIA GB300 which is of cuda capability 10.3.
    Minimum and Maximum cuda capability supported by this version of PyTorch is
    (8.0) - (10.0)
    
  warnings.warn(
/usr/local/lib/python3.12/site-packages/torch/cuda/__init__.py:283: UserWarning: 
    Found GPU3 NVIDIA GB300 which is of cuda capability 10.3.
    Minimum and Maximum cuda capability supported by this version of PyTorch is
    (8.0) - (10.0)
    
  warnings.warn(
========================================================================================================================
HSTU Attention MFU Benchmark  (non-jagged / uniform seqlen)
========================================================================================================================
  Device          : NVIDIA GB300
  Peak bf16 TFLOPS : 5000.0
  Kernel backend  : triton
  num_heads       : 4
  dim_per_head    : 256
  hidden_size     : 1024
  is_causal       : True
  dtype           : bfloat16
  warmup/bench    : 10/50 iters
========================================================================================================================
    BS   SeqLen     Tokens |    fwd_ms   fwd_TFLOPS   fwd_MFU |    bwd_ms   bwd_TFLOPS   bwd_MFU |    e2e_ms   e2e_TFLOPS   e2e_MFU
-----------------------------------------------------------------------------------------------------------------------------------
WARNING: temporarily disabled some autotune configs for CUDA 12.8+
     1      128        128 |     0.214         0.16      0.0% |     0.346         0.24      0.0% |     0.563         0.21      0.0%
     1      256        256 |     0.224         0.60      0.0% |     0.365         0.92      0.0% |     0.580         0.81      0.0%
     1      512        512 |     0.223         2.41      0.0% |     0.368         3.65      0.1% |     0.568         3.31      0.1%
     1     1024       1024 |     0.201        10.66      0.2% |     0.410        13.10      0.3% |     0.603        12.46      0.2%
     1     2048       2048 |     0.060       144.36      2.9% |     0.543        39.53      0.8% |     0.587        51.22      1.0%
     1     4096       4096 |     0.097       353.44      7.1% |     0.606       141.63      2.8% |     0.700       171.83      3.4%
     1     8192       8192 |     0.277       496.56      9.9% |     2.080       165.21      3.3% |     2.362       203.68      4.1%
     1    16384      16384 |     0.822       668.58     13.4% |     8.052       170.68      3.4% |     8.878       216.74      4.3%
     1    32768      32768 |     2.731       805.20     16.1% |    33.099       166.10      3.3% |    35.839       214.76      4.3%
     2      128        256 |     0.215         0.31      0.0% |     0.356         0.47      0.0% |     0.555         0.42      0.0%
     2      256        512 |     0.222         1.21      0.0% |     0.366         1.83      0.0% |     0.579         1.62      0.0%
     2      512       1024 |     0.223         4.81      0.1% |     0.369         7.27      0.1% |     0.578         6.51      0.1%
     2     1024       2048 |     0.193        22.20      0.4% |     0.405        26.53      0.5% |     0.605        24.84      0.5%
     2     2048       4096 |     0.055       314.33      6.3% |     0.563        76.31      1.5% |     0.616        97.68      2.0%
     2     4096       8192 |     0.153       450.58      9.0% |     1.083       158.57      3.2% |     1.236       194.66      3.9%
     2     8192      16384 |     0.434       633.06     12.7% |     4.186       164.18      3.3% |     4.620       208.25      4.2%
     2    16384      32768 |     1.415       776.95     15.5% |    16.844       163.19      3.3% |    18.246       210.91      4.2%
     2    32768      65536 |     5.052       870.48     17.4% |    66.648       164.97      3.3% |    71.661       214.80      4.3%
     4      128        512 |     0.225         0.60      0.0% |     0.356         0.94      0.0% |     0.573         0.82      0.0%
     4      256       1024 |     0.224         2.39      0.0% |     0.370         3.63      0.1% |     0.588         3.20      0.1%
     4      512       2048 |     0.220         9.77      0.2% |     0.362        14.85      0.3% |     0.569        13.22      0.3%
     4     1024       4096 |     0.184        46.60      0.9% |     0.421        50.99      1.0% |     0.595        50.55      1.0%
     4     2048       8192 |     0.089       385.89      7.7% |     0.585       146.91      2.9% |     0.661       181.89      3.6%
     4     4096      16384 |     0.237       581.07     11.6% |     2.182       157.45      3.1% |     2.430       197.98      4.0%
     4     8192      32768 |     0.742       740.51     14.8% |     8.650       158.89      3.2% |     9.387       204.98      4.1%
     4    16384      65536 |     2.600       845.80     16.9% |    33.796       162.67      3.3% |    36.391       211.50      4.2%
     4    32768     131072 |     9.697       907.06     18.1% |   141.700       155.19      3.1% |   151.475       203.24      4.1%
     8      128       1024 |     0.226         1.19      0.0% |     0.361         1.86      0.0% |     0.574         1.64      0.0%
     8      256       2048 |     0.225         4.78      0.1% |     0.372         7.21      0.1% |     0.586         6.41      0.1%
     8      512       4096 |     0.225        19.11      0.4% |     0.373        28.81      0.6% |     0.585        25.69      0.5%
     8     1024       8192 |     0.057       302.97      6.1% |     0.572        75.12      1.5% |     0.607        99.03      2.0%
     8     2048      16384 |     0.139       493.45      9.9% |     1.184       145.13      2.9% |     1.320       182.17      3.6%
     8     4096      32768 |     0.404       679.58     13.6% |     4.537       151.45      3.0% |     4.939       194.80      3.9%
     8     8192      65536 |     1.359       809.35     16.2% |    17.444       157.58      3.2% |    18.798       204.72      4.1%
     8    16384     131072 |     4.966       885.56     17.7% |    68.204       161.21      3.2% |    73.094       210.60      4.2%
     8    32768     262144 |    18.992       926.32     18.5% |   292.485       150.37      3.0% |   311.456       197.69      4.0%
    16      128       2048 |     0.215         2.50      0.1% |     0.349         3.84      0.1% |     0.549         3.42      0.1%
    16      256       4096 |     0.223         9.63      0.2% |     0.359        14.97      0.3% |     0.572        13.13      0.3%
    16      512       8192 |     0.161        53.38      1.1% |     0.453        47.40      0.9% |     0.612        49.16      1.0%
    16     1024      16384 |     0.088       388.40      7.8% |     0.677       126.90      2.5% |     0.764       157.33      3.1%
    16     2048      32768 |     0.240       573.58     11.5% |     2.459       139.75      2.8% |     2.695       178.49      3.6%
    16     4096      65536 |     0.739       743.59     14.9% |     9.175       149.80      3.0% |     9.914       194.08      3.9%
    16     8192     131072 |     2.589       849.48     17.0% |    35.548       154.65      3.1% |    38.177       201.60      4.0%
    16    16384     262144 |     9.701       906.69     18.1% |   147.465       149.12      3.0% |   157.166       195.88      3.9%
    16    32768     524288 |    37.579       936.28     18.7% |   586.725       149.92      3.0% |   624.315       197.25      3.9%
    32      128       4096 |     0.220         4.88      0.1% |     0.357         7.52      0.2% |     0.565         6.65      0.1%
    32      256       8192 |     0.223        19.23      0.4% |     0.362        29.64      0.6% |     0.567        26.52      0.5%
    32      512      16384 |     0.115       149.96      3.0% |     0.490        87.71      1.8% |     0.592       101.62      2.0%
    32     1024      32768 |     0.151       456.47      9.1% |     0.911       188.51      3.8% |     1.061       226.64      4.5%
    32     2048      65536 |     0.439       625.72     12.5% |     3.321       206.93      4.1% |     3.758       256.01      5.1%
    32     4096     131072 |     1.410       779.77     15.6% |    12.464       220.54      4.4% |    13.873       277.40      5.5%
    32     8192     262144 |     5.051       870.80     17.4% |    48.295       227.67      4.6% |    53.347       288.55      5.8%
    32    16384     524288 |    19.180       917.24     18.3% |   190.454       230.92      4.6% |   209.629       293.72      5.9%
    32    32768    1048576 |    74.773       941.09     18.8% |   754.802       233.07      4.7% |   829.528       296.90      5.9%
    64      128       8192 |     0.227         9.46      0.2% |     0.356        15.07      0.3% |     0.567        13.26      0.3%
    64      256      16384 |     0.197        43.68      0.9% |     0.404        53.12      1.1% |     0.599        50.15      1.0%
    64      512      32768 |     0.108       319.57      6.4% |     0.515       166.75      3.3% |     0.620       193.98      3.9%
    64     1024      65536 |     0.276       498.78     10.0% |     1.797       191.16      3.8% |     2.077       231.59      4.6%
    64     2048     131072 |     0.841       653.95     13.1% |     6.542       210.08      4.2% |     7.380       260.74      5.2%
    64     4096     262144 |     2.751       799.22     16.0% |    24.777       221.88      4.4% |    27.530       279.57      5.6%
    64     8192     524288 |     9.973       882.01     17.6% |    96.246       228.48      4.6% |   106.231       289.80      5.8%
    64    16384    1048576 |    38.121       922.95     18.5% |   378.443       232.43      4.6% |   416.541       295.64      5.9%
    64    32768    2097152 |   149.206       943.24     18.9% |  1501.375       234.35      4.7% |  1650.579       298.43      6.0%
   128      128      16384 |     0.215        20.02      0.4% |     0.379        28.36      0.6% |     0.582        25.84      0.5%
   128      256      32768 |     0.084       203.67      4.1% |     0.523        82.07      1.6% |     0.588       102.26      2.0%
   128      512      65536 |     0.196       351.36      7.0% |     1.021       168.28      3.4% |     1.213       198.30      4.0%
   128     1024     131072 |     0.527       521.23     10.4% |     3.519       195.26      3.9% |     4.044       237.89      4.8%
   128     2048     262144 |     1.641       669.83     13.4% |    12.959       212.12      4.2% |    14.599       263.60      5.3%
   128     4096     524288 |     5.433       809.46     16.2% |    49.337       222.86      4.5% |    54.773       281.03      5.6%
   128     8192    1048576 |    19.816       887.78     17.8% |   191.764       229.35      4.6% |   211.568       291.03      5.8%
   128    16384    2097152 |    76.012       925.75     18.5% |   755.893       232.73      4.7% |   831.927       296.05      5.9%
   128    32768    4194304 |   297.956       944.69     18.9% |  2999.608       234.59      4.7% |  3297.529       298.76      6.0%
   256      128      32768 |     0.126        68.22      1.4% |     0.486        44.17      0.9% |     0.594        50.58      1.0%
   256      256      65536 |     0.155       222.21      4.4% |     0.605       141.89      2.8% |     0.758       158.60      3.2%
   256      512     131072 |     0.371       370.77      7.4% |     1.844       186.33      3.7% |     2.212       217.44      4.3%
   256     1024     262144 |     1.027       535.12     10.7% |     6.340       216.77      4.3% |     7.365       261.25      5.2%
   256     2048     524288 |     3.241       678.51     13.6% |    23.039       238.62      4.8% |    26.284       292.83      5.9%
   256     4096    1048576 |    10.797       814.68     16.3% |    87.136       252.37      5.0% |    97.932       314.37      6.3%
   256     8192    2097152 |    39.511       890.49     17.8% |   338.453       259.89      5.2% |   377.985       325.79      6.5%
   256    16384    4194304 |   151.892       926.56     18.5% |  1332.029       264.14      5.3% |  1483.929       331.94      6.6%
   256    32768    8388608 |   595.960       944.61     18.9% |  5287.414       266.17      5.3% |  5883.437       334.89      6.7%

========================================================================================================================
SUMMARY
========================================================================================================================
  Best fwd MFU :   18.9%  at BS=128, SeqLen=32768
  Best bwd MFU :    5.3%  at BS=256, SeqLen=32768
  Best e2e MFU :    6.7%  at BS=256, SeqLen=32768

  ── Forward TFLOPS ──
   BS / SeqLen     128     256     512    1024    2048    4096    8192   16384   32768
  ------------------------------------------------------------------------------------
             1     0.2     0.6     2.4    10.7   144.4   353.4   496.6   668.6   805.2
             2     0.3     1.2     4.8    22.2   314.3   450.6   633.1   776.9   870.5
             4     0.6     2.4     9.8    46.6   385.9   581.1   740.5   845.8   907.1
             8     1.2     4.8    19.1   303.0   493.4   679.6   809.3   885.6   926.3
            16     2.5     9.6    53.4   388.4   573.6   743.6   849.5   906.7   936.3
            32     4.9    19.2   150.0   456.5   625.7   779.8   870.8   917.2   941.1
            64     9.5    43.7   319.6   498.8   653.9   799.2   882.0   923.0   943.2
           128    20.0   203.7   351.4   521.2   669.8   809.5   887.8   925.8   944.7
           256    68.2   222.2   370.8   535.1   678.5   814.7   890.5   926.6   944.6

  ── Backward TFLOPS ──
   BS / SeqLen     128     256     512    1024    2048    4096    8192   16384   32768
  ------------------------------------------------------------------------------------
             1     0.2     0.9     3.6    13.1    39.5   141.6   165.2   170.7   166.1
             2     0.5     1.8     7.3    26.5    76.3   158.6   164.2   163.2   165.0
             4     0.9     3.6    14.8    51.0   146.9   157.4   158.9   162.7   155.2
             8     1.9     7.2    28.8    75.1   145.1   151.5   157.6   161.2   150.4
            16     3.8    15.0    47.4   126.9   139.8   149.8   154.7   149.1   149.9
            32     7.5    29.6    87.7   188.5   206.9   220.5   227.7   230.9   233.1
            64    15.1    53.1   166.8   191.2   210.1   221.9   228.5   232.4   234.3
           128    28.4    82.1   168.3   195.3   212.1   222.9   229.3   232.7   234.6
           256    44.2   141.9   186.3   216.8   238.6   252.4   259.9   264.1   266.2

  ── End-to-End TFLOPS ──
   BS / SeqLen     128     256     512    1024    2048    4096    8192   16384   32768
  ------------------------------------------------------------------------------------
             1     0.2     0.8     3.3    12.5    51.2   171.8   203.7   216.7   214.8
             2     0.4     1.6     6.5    24.8    97.7   194.7   208.3   210.9   214.8
             4     0.8     3.2    13.2    50.6   181.9   198.0   205.0   211.5   203.2
             8     1.6     6.4    25.7    99.0   182.2   194.8   204.7   210.6   197.7
            16     3.4    13.1    49.2   157.3   178.5   194.1   201.6   195.9   197.2
            32     6.6    26.5   101.6   226.6   256.0   277.4   288.5   293.7   296.9
            64    13.3    50.2   194.0   231.6   260.7   279.6   289.8   295.6   298.4
           128    25.8   102.3   198.3   237.9   263.6   281.0   291.0   296.0   298.8
           256    50.6   158.6   217.4   261.3   292.8   314.4   325.8   331.9   334.9

  ── Forward MFU (%) ──
   BS / SeqLen     128     256     512    1024    2048    4096    8192   16384   32768
  ------------------------------------------------------------------------------------
             1     0.0     0.0     0.0     0.2     2.9     7.1     9.9    13.4    16.1
             2     0.0     0.0     0.1     0.4     6.3     9.0    12.7    15.5    17.4
             4     0.0     0.0     0.2     0.9     7.7    11.6    14.8    16.9    18.1
             8     0.0     0.1     0.4     6.1     9.9    13.6    16.2    17.7    18.5
            16     0.1     0.2     1.1     7.8    11.5    14.9    17.0    18.1    18.7
            32     0.1     0.4     3.0     9.1    12.5    15.6    17.4    18.3    18.8
            64     0.2     0.9     6.4    10.0    13.1    16.0    17.6    18.5    18.9
           128     0.4     4.1     7.0    10.4    13.4    16.2    17.8    18.5    18.9
           256     1.4     4.4     7.4    10.7    13.6    16.3    17.8    18.5    18.9

  ── Backward MFU (%) ──
   BS / SeqLen     128     256     512    1024    2048    4096    8192   16384   32768
  ------------------------------------------------------------------------------------
             1     0.0     0.0     0.1     0.3     0.8     2.8     3.3     3.4     3.3
             2     0.0     0.0     0.1     0.5     1.5     3.2     3.3     3.3     3.3
             4     0.0     0.1     0.3     1.0     2.9     3.1     3.2     3.3     3.1
             8     0.0     0.1     0.6     1.5     2.9     3.0     3.2     3.2     3.0
            16     0.1     0.3     0.9     2.5     2.8     3.0     3.1     3.0     3.0
            32     0.2     0.6     1.8     3.8     4.1     4.4     4.6     4.6     4.7
            64     0.3     1.1     3.3     3.8     4.2     4.4     4.6     4.6     4.7
           128     0.6     1.6     3.4     3.9     4.2     4.5     4.6     4.7     4.7
           256     0.9     2.8     3.7     4.3     4.8     5.0     5.2     5.3     5.3

  ── End-to-End MFU (%) ──
   BS / SeqLen     128     256     512    1024    2048    4096    8192   16384   32768
  ------------------------------------------------------------------------------------
             1     0.0     0.0     0.1     0.2     1.0     3.4     4.1     4.3     4.3
             2     0.0     0.0     0.1     0.5     2.0     3.9     4.2     4.2     4.3
             4     0.0     0.1     0.3     1.0     3.6     4.0     4.1     4.2     4.1
             8     0.0     0.1     0.5     2.0     3.6     3.9     4.1     4.2     4.0
            16     0.1     0.3     1.0     3.1     3.6     3.9     4.0     3.9     3.9
            32     0.1     0.5     2.0     4.5     5.1     5.5     5.8     5.9     5.9
            64     0.3     1.0     3.9     4.6     5.2     5.6     5.8     5.9     6.0
           128     0.5     2.0     4.0     4.8     5.3     5.6     5.8     5.9     6.0
           256     1.0     3.2     4.3     5.2     5.9     6.3     6.5     6.6     6.7
  Saved results: training/benchmark/figs/hstu_attn_mfu_results.json

Generating heatmaps ...
  Saved: training/benchmark/figs/hstu_attn_mfu.png
Done.
[rank0]:[W702 16:57:04.803961570 ProcessGroupNCCL.cpp:1524] Warning: WARNING: destroy_process_group() was not called before program exit, which can leak resources. For more info, please see https://pytorch.org/docs/stable/distributed.html#shutdown (function operator())
