##### H100 attn t128 #####
========================================================================================================================
HSTU Attention MFU Benchmark  (non-jagged / uniform seqlen)
========================================================================================================================
  Device          : NVIDIA H100 80GB HBM3
  Peak bf16 TFLOPS : 989.0
  Kernel backend  : triton
  num_heads       : 4
  dim_per_head    : 128
  hidden_size     : 1024
  is_causal       : True
  dtype           : bfloat16
  warmup/bench    : 10/50 iters
========================================================================================================================
    BS   SeqLen     Tokens |    fwd_ms   fwd_TFLOPS   fwd_MFU |    bwd_ms   bwd_TFLOPS   bwd_MFU |    e2e_ms   e2e_TFLOPS   e2e_MFU
-----------------------------------------------------------------------------------------------------------------------------------
WARNING: temporarily disabled some autotune configs for CUDA 12.8+
     1      128        128 |     0.253         0.07      0.0% |     0.309         0.14      0.0% |     0.540         0.11      0.0%
     1      256        256 |     0.244         0.28      0.0% |     0.321         0.52      0.1% |     0.554         0.42      0.0%
     1      512        512 |     0.242         1.11      0.1% |     0.311         2.16      0.2% |     0.539         1.74      0.2%
     1     1024       1024 |     0.245         4.38      0.4% |     0.319         8.40      0.8% |     0.552         6.81      0.7%
     1     2048       2048 |     0.172        24.93      2.5% |     0.398        26.99      2.7% |     0.561        26.80      2.7%
     1     4096       4096 |     0.092       187.13     18.9% |     0.469        91.56      9.3% |     0.551       109.18     11.0%
     1     8192       8192 |     0.275       249.77     25.3% |     0.897       191.47     19.4% |     1.165       206.41     20.9%
     1    16384      16384 |     0.842       326.38     33.0% |     3.280       209.49     21.2% |     4.122       233.40     23.6%
     2      128        256 |     0.266         0.13      0.0% |     0.410         0.20      0.0% |     0.652         0.18      0.0%
     2      256        512 |     0.231         0.58      0.1% |     0.309         1.08      0.1% |     0.529         0.89      0.1%
     2      512       1024 |     0.232         2.31      0.2% |     0.332         4.04      0.4% |     0.551         3.41      0.3%
     2     1024       2048 |     0.237         9.05      0.9% |     0.320        16.76      1.7% |     0.550        13.66      1.4%
     2     2048       4096 |     0.152        56.69      5.7% |     0.414        51.89      5.2% |     0.556        54.12      5.5%
     2     4096       8192 |     0.142       241.75     24.4% |     0.474       181.38     18.3% |     0.613       196.33     19.9%
     2     8192      16384 |     0.432       317.97     32.2% |     1.691       203.14     20.5% |     2.122       226.67     22.9%
     2    16384      32768 |     1.410       389.85     39.4% |     6.751       203.59     20.6% |     8.144       236.26     23.9%
     4      128        512 |     0.232         0.29      0.0% |     0.306         0.55      0.1% |     0.524         0.45      0.0%
     4      256       1024 |     0.234         1.15      0.1% |     0.324         2.07      0.2% |     0.527         1.78      0.2%
     4      512       2048 |     0.236         4.55      0.5% |     0.313         8.57      0.9% |     0.529         7.11      0.7%
     4     1024       4096 |     0.233        18.41      1.9% |     0.335        32.01      3.2% |     0.557        26.99      2.7%
     4     2048       8192 |     0.105       164.06     16.6% |     0.455        94.46      9.6% |     0.551       109.21     11.0%
     4     4096      16384 |     0.228       300.87     30.4% |     0.900       190.97     19.3% |     1.120       214.69     21.7%
     4     8192      32768 |     0.761       361.41     36.5% |     3.488       197.02     19.9% |     4.250       226.36     22.9%
     4    16384      65536 |     2.684       409.59     41.4% |    13.694       200.73     20.3% |    16.348       235.40     23.8%
     8      128       1024 |     0.230         0.58      0.1% |     0.414         0.81      0.1% |     0.652         0.72      0.1%
     8      256       2048 |     0.262         2.05      0.2% |     0.414         3.24      0.3% |     0.653         2.88      0.3%
     8      512       4096 |     0.262         8.20      0.8% |     0.417        12.87      1.3% |     0.667        11.27      1.1%
     8     1024       8192 |     0.256        33.58      3.4% |     0.453        47.42      4.8% |     0.689        43.63      4.4%
     8     2048      16384 |     0.123       278.28     28.1% |     0.571       150.48     15.2% |     0.690       174.33     17.6%
     8     4096      32768 |     0.384       357.91     36.2% |     1.855       185.25     18.7% |     2.235       215.25     21.8%
     8     8192      65536 |     1.364       403.19     40.8% |     7.126       192.86     19.5% |     8.480       226.90     22.9%
     8    16384     131072 |     5.003       439.50     44.4% |    27.635       198.93     20.1% |    32.636       235.83     23.8%
    16      128       2048 |     0.263         1.02      0.1% |     0.310         2.16      0.2% |     0.557         1.69      0.2%
    16      256       4096 |     0.229         4.68      0.5% |     0.313         8.57      0.9% |     0.516         7.28      0.7%
    16      512       8192 |     0.240        17.86      1.8% |     0.315        34.10      3.4% |     0.543        27.68      2.8%
    16     1024      16384 |     0.073       236.82     23.9% |     0.491        87.43      8.8% |     0.561       107.14     10.8%
    16     2048      32768 |     0.212       324.52     32.8% |     1.040       165.11     16.7% |     1.251       192.24     19.4%
    16     4096      65536 |     0.705       389.83     39.4% |     3.849       178.53     18.1% |     4.556       211.19     21.4%
    16     8192     131072 |     2.560       429.49     43.4% |    14.618       188.05     19.0% |    17.088       225.20     22.8%
    16    16384     262144 |     9.651       455.70     46.1% |    66.333       165.76     16.8% |    76.049       202.41     20.5%
    32      128       4096 |     0.239         2.25      0.2% |     0.309         4.35      0.4% |     0.529         3.55      0.4%
    32      256       8192 |     0.247         8.70      0.9% |     0.315        17.02      1.7% |     0.544        13.82      1.4%
    32      512      16384 |     0.224        38.36      3.9% |     0.347        61.87      6.3% |     0.559        53.77      5.4%
    32     1024      32768 |     0.123       278.39     28.1% |     0.471       182.39     18.4% |     0.577       208.43     21.1%
    32     2048      65536 |     0.380       361.33     36.5% |     1.425       241.12     24.4% |     1.801       267.08     27.0%
    32     4096     131072 |     1.318       417.05     42.2% |     5.279       260.36     26.3% |     6.791       283.35     28.6%
    32     8192     262144 |     4.985       441.16     44.6% |    20.521       267.90     27.1% |    25.697       299.51     30.3%
    32    16384     524288 |    19.703       446.43     45.1% |    81.274       270.57     27.4% |   101.042       304.69     30.8%
    64      128       8192 |     0.242         4.45      0.4% |     0.306         8.78      0.9% |     0.521         7.21      0.7%
    64      256      16384 |     0.231        18.63      1.9% |     0.311        34.54      3.5% |     0.522        28.80      2.9%
    64      512      32768 |     0.107       160.93     16.3% |     0.455        94.33      9.5% |     0.550       109.27     11.0%
    64     1024      65536 |     0.216       318.43     32.2% |     0.818       210.11     21.2% |     1.033       232.89     23.5%
    64     2048     131072 |     0.707       388.58     39.3% |     2.831       242.73     24.5% |     3.538       271.95     27.5%
    64     4096     262144 |     2.550       431.11     43.6% |    10.630       258.59     26.1% |    13.341       288.46     29.2%
    64     8192     524288 |     9.873       445.46     45.0% |    41.158       267.14     27.0% |    51.210       300.59     30.4%
    64    16384    1048576 |    38.722       454.32     45.9% |   162.019       271.45     27.4% |   200.982       306.36     31.0%
   128      128      16384 |     0.228         9.43      1.0% |     0.312        17.23      1.7% |     0.517        14.53      1.5%
   128      256      32768 |     0.147        58.35      5.9% |     0.393        54.60      5.5% |     0.526        57.20      5.8%
   128      512      65536 |     0.140       245.88     24.9% |     0.517       166.22     16.8% |     0.654       183.88     18.6%
   128     1024     131072 |     0.405       339.40     34.3% |     1.613       213.07     21.5% |     2.016       238.66     24.1%
   128     2048     262144 |     1.364       403.04     40.8% |     5.630       244.13     24.7% |     7.162       268.65     27.2%
   128     4096     524288 |     5.062       434.43     43.9% |    21.265       258.53     26.1% |    26.431       291.20     29.4%
   128     8192    1048576 |    20.006       439.68     44.5% |    82.660       266.03     26.9% |   102.681       299.83     30.3%
   128    16384    2097152 |    80.120       439.14     44.4% |   321.758       273.38     27.6% |   402.123       306.24     31.0%

========================================================================================================================
SUMMARY
========================================================================================================================
  Best fwd MFU :   46.1%  at BS=16, SeqLen=16384
  Best bwd MFU :   27.6%  at BS=128, SeqLen=16384
  Best e2e MFU :   31.0%  at BS=64, SeqLen=16384

  ── Forward TFLOPS ──
   BS / SeqLen     128     256     512    1024    2048    4096    8192   16384
  ----------------------------------------------------------------------------
             1     0.1     0.3     1.1     4.4    24.9   187.1   249.8   326.4
             2     0.1     0.6     2.3     9.1    56.7   241.8   318.0   389.8
             4     0.3     1.1     4.6    18.4   164.1   300.9   361.4   409.6
             8     0.6     2.0     8.2    33.6   278.3   357.9   403.2   439.5
            16     1.0     4.7    17.9   236.8   324.5   389.8   429.5   455.7
            32     2.2     8.7    38.4   278.4   361.3   417.0   441.2   446.4
            64     4.4    18.6   160.9   318.4   388.6   431.1   445.5   454.3
           128     9.4    58.3   245.9   339.4   403.0   434.4   439.7   439.1

  ── Backward TFLOPS ──
   BS / SeqLen     128     256     512    1024    2048    4096    8192   16384
  ----------------------------------------------------------------------------
             1     0.1     0.5     2.2     8.4    27.0    91.6   191.5   209.5
             2     0.2     1.1     4.0    16.8    51.9   181.4   203.1   203.6
             4     0.5     2.1     8.6    32.0    94.5   191.0   197.0   200.7
             8     0.8     3.2    12.9    47.4   150.5   185.2   192.9   198.9
            16     2.2     8.6    34.1    87.4   165.1   178.5   188.0   165.8
            32     4.3    17.0    61.9   182.4   241.1   260.4   267.9   270.6
            64     8.8    34.5    94.3   210.1   242.7   258.6   267.1   271.5
           128    17.2    54.6   166.2   213.1   244.1   258.5   266.0   273.4

  ── End-to-End TFLOPS ──
   BS / SeqLen     128     256     512    1024    2048    4096    8192   16384
  ----------------------------------------------------------------------------
             1     0.1     0.4     1.7     6.8    26.8   109.2   206.4   233.4
             2     0.2     0.9     3.4    13.7    54.1   196.3   226.7   236.3
             4     0.4     1.8     7.1    27.0   109.2   214.7   226.4   235.4
             8     0.7     2.9    11.3    43.6   174.3   215.2   226.9   235.8
            16     1.7     7.3    27.7   107.1   192.2   211.2   225.2   202.4
            32     3.6    13.8    53.8   208.4   267.1   283.3   299.5   304.7
            64     7.2    28.8   109.3   232.9   272.0   288.5   300.6   306.4
           128    14.5    57.2   183.9   238.7   268.7   291.2   299.8   306.2

  ── Forward MFU (%) ──
   BS / SeqLen     128     256     512    1024    2048    4096    8192   16384
  ----------------------------------------------------------------------------
             1     0.0     0.0     0.1     0.4     2.5    18.9    25.3    33.0
             2     0.0     0.1     0.2     0.9     5.7    24.4    32.2    39.4
             4     0.0     0.1     0.5     1.9    16.6    30.4    36.5    41.4
             8     0.1     0.2     0.8     3.4    28.1    36.2    40.8    44.4
            16     0.1     0.5     1.8    23.9    32.8    39.4    43.4    46.1
            32     0.2     0.9     3.9    28.1    36.5    42.2    44.6    45.1
            64     0.4     1.9    16.3    32.2    39.3    43.6    45.0    45.9
           128     1.0     5.9    24.9    34.3    40.8    43.9    44.5    44.4

  ── Backward MFU (%) ──
   BS / SeqLen     128     256     512    1024    2048    4096    8192   16384
  ----------------------------------------------------------------------------
             1     0.0     0.1     0.2     0.8     2.7     9.3    19.4    21.2
             2     0.0     0.1     0.4     1.7     5.2    18.3    20.5    20.6
             4     0.1     0.2     0.9     3.2     9.6    19.3    19.9    20.3
             8     0.1     0.3     1.3     4.8    15.2    18.7    19.5    20.1
            16     0.2     0.9     3.4     8.8    16.7    18.1    19.0    16.8
            32     0.4     1.7     6.3    18.4    24.4    26.3    27.1    27.4
            64     0.9     3.5     9.5    21.2    24.5    26.1    27.0    27.4
           128     1.7     5.5    16.8    21.5    24.7    26.1    26.9    27.6

  ── End-to-End MFU (%) ──
   BS / SeqLen     128     256     512    1024    2048    4096    8192   16384
  ----------------------------------------------------------------------------
             1     0.0     0.0     0.2     0.7     2.7    11.0    20.9    23.6
             2     0.0     0.1     0.3     1.4     5.5    19.9    22.9    23.9
             4     0.0     0.2     0.7     2.7    11.0    21.7    22.9    23.8
             8     0.1     0.3     1.1     4.4    17.6    21.8    22.9    23.8
            16     0.2     0.7     2.8    10.8    19.4    21.4    22.8    20.5
            32     0.4     1.4     5.4    21.1    27.0    28.6    30.3    30.8
            64     0.7     2.9    11.0    23.5    27.5    29.2    30.4    31.0
           128     1.5     5.8    18.6    24.1    27.2    29.4    30.3    31.0
  Saved results: training/benchmark/figs/hstu_attn_mfu_results.json

Generating heatmaps ...
  Saved: training/benchmark/figs/hstu_attn_mfu.png
Done.
[rank0]:[W630 20:46:34.521593728 ProcessGroupNCCL.cpp:1524] Warning: WARNING: destroy_process_group() was not called before program exit, which can leak resources. For more info, please see https://pytorch.org/docs/stable/distributed.html#shutdown (function operator())
