##### H100 attn c64 #####
========================================================================================================================
HSTU Attention MFU Benchmark  (non-jagged / uniform seqlen)
========================================================================================================================
  Device          : NVIDIA H100 80GB HBM3
  Peak bf16 TFLOPS : 989.0
  Kernel backend  : cutlass
  num_heads       : 4
  dim_per_head    : 64
  hidden_size     : 1024
  is_causal       : True
  dtype           : bfloat16
  warmup/bench    : 10/50 iters
========================================================================================================================
    BS   SeqLen     Tokens |    fwd_ms   fwd_TFLOPS   fwd_MFU |    bwd_ms   bwd_TFLOPS   bwd_MFU |    e2e_ms   e2e_TFLOPS   e2e_MFU
-----------------------------------------------------------------------------------------------------------------------------------
     1      128        128 |     0.183         0.05      0.0% |     0.205         0.10      0.0% |     0.373         0.08      0.0%
     1      256        256 |     0.180         0.19      0.0% |     0.214         0.39      0.0% |     0.371         0.32      0.0%
     1      512        512 |     0.177         0.76      0.1% |     0.208         1.62      0.2% |     0.376         1.25      0.1%
     1     1024       1024 |     0.176         3.06      0.3% |     0.201         6.67      0.7% |     0.469         4.00      0.4%
     1     2048       2048 |     0.212        10.11      1.0% |     0.202        26.61      2.7% |     0.366        20.51      2.1%
     1     4096       4096 |     0.156        55.22      5.6% |     0.235        91.49      9.3% |     0.385        78.17      7.9%
     1     8192       8192 |     0.116       296.61     30.0% |     0.315       272.34     27.5% |     0.429       280.58     28.4%
     1    16384      16384 |     0.357       384.85     38.9% |     0.814       422.33     42.7% |     1.180       407.67     41.2%
     2      128        256 |     0.173         0.10      0.0% |     0.199         0.21      0.0% |     0.365         0.16      0.0%
     2      256        512 |     0.175         0.38      0.0% |     0.204         0.82      0.1% |     0.368         0.64      0.1%
     2      512       1024 |     0.176         1.53      0.2% |     0.202         3.32      0.3% |     0.371         2.53      0.3%
     2     1024       2048 |     0.173         6.21      0.6% |     0.205        13.11      1.3% |     0.376        10.01      1.0%
     2     2048       4096 |     0.175        24.55      2.5% |     0.216        49.81      5.0% |     0.373        40.33      4.1%
     2     4096       8192 |     0.093       184.65     18.7% |     0.298       144.35     14.6% |     0.386       155.78     15.8%
     2     8192      16384 |     0.208       330.23     33.4% |     0.507       338.75     34.3% |     0.712       337.71     34.1%
     2    16384      32768 |     0.643       427.35     43.2% |     1.634       420.53     42.5% |     2.253       427.05     43.2%
     4      128        512 |     0.187         0.18      0.0% |     0.203         0.41      0.0% |     0.369         0.32      0.0%
     4      256       1024 |     0.172         0.78      0.1% |     0.203         1.65      0.2% |     0.370         1.27      0.1%
     4      512       2048 |     0.173         3.10      0.3% |     0.203         6.61      0.7% |     0.369         5.10      0.5%
     4     1024       4096 |     0.176        12.17      1.2% |     0.207        25.96      2.6% |     0.377        19.93      2.0%
     4     2048       8192 |     0.167        51.58      5.2% |     0.222        96.73      9.8% |     0.488        61.55      6.2%
     4     4096      16384 |     0.123       278.32     28.1% |     0.396       217.13     22.0% |     0.498       241.35     24.4%
     4     8192      32768 |     0.353       389.57     39.4% |     0.906       379.17     38.3% |     1.268       379.41     38.4%
     4    16384      65536 |     1.206       456.00     46.1% |     3.256       422.15     42.7% |     4.491       428.47     43.3%
     8      128       1024 |     0.230         0.29      0.0% |     0.261         0.64      0.1% |     0.460         0.51      0.1%
     8      256       2048 |     0.211         1.27      0.1% |     0.259         2.59      0.3% |     0.454         2.07      0.2%
     8      512       4096 |     0.210         5.12      0.5% |     0.263        10.22      1.0% |     0.487         7.72      0.8%
     8     1024       8192 |     0.227        18.91      1.9% |     0.272        39.48      4.0% |     0.486        30.91      3.1%
     8     2048      16384 |     0.189        90.79      9.2% |     0.325       132.01     13.3% |     0.512       117.53     11.9%
     8     4096      32768 |     0.203       339.20     34.3% |     0.502       342.09     34.6% |     0.704       341.80     34.6%
     8     8192      65536 |     0.643       427.27     43.2% |     1.729       397.56     40.2% |     2.353       408.86     41.3%
     8    16384     131072 |     2.336       470.73     47.6% |     6.628       414.71     41.9% |     8.906       432.09     43.7%
    16      128       2048 |     0.217         0.62      0.1% |     0.258         1.30      0.1% |     0.466         1.01      0.1%
    16      256       4096 |     0.213         2.52      0.3% |     0.262         5.12      0.5% |     0.466         4.04      0.4%
    16      512       8192 |     0.214        10.04      1.0% |     0.266        20.21      2.0% |     0.460        16.33      1.7%
    16     1024      16384 |     0.217        39.57      4.0% |     0.269        79.97      8.1% |     0.484        62.16      6.3%
    16     2048      32768 |     0.122       281.45     28.5% |     0.373       230.03     23.3% |     0.486       247.60     25.0%
    16     4096      65536 |     0.359       383.22     38.7% |     0.951       361.34     36.5% |     1.314       365.98     37.0%
    16     8192     131072 |     1.231       446.64     45.2% |     3.481       394.88     39.9% |     4.980       386.39     39.1%
    16    16384     262144 |     4.584       479.67     48.5% |    13.151       418.04     42.3% |    17.908       429.78     43.5%
    32      128       4096 |     0.226         1.19      0.1% |     0.268         2.51      0.3% |     0.473         1.99      0.2%
    32      256       8192 |     0.214         5.02      0.5% |     0.260        10.31      1.0% |     0.460         8.17      0.8%
    32      512      16384 |     0.215        19.94      2.0% |     0.264        40.69      4.1% |     0.476        31.57      3.2%
    32     1024      32768 |     0.165       103.82     10.5% |     0.339       126.84     12.8% |     0.505       119.18     12.1%
    32     2048      65536 |     0.212       324.34     32.8% |     0.547       313.88     31.7% |     0.758       317.41     32.1%
    32     4096     131072 |     0.689       399.21     40.4% |     1.875       366.42     37.0% |     2.563       375.38     38.0%
    32     8192     262144 |     2.492       441.28     44.6% |     6.843       401.67     40.6% |     9.656       398.54     40.3%
    32    16384     524288 |     9.242       475.86     48.1% |    26.635       412.81     41.7% |    35.767       430.38     43.5%
    64      128       8192 |     0.220         2.44      0.2% |     0.255         5.27      0.5% |     0.468         4.01      0.4%
    64      256      16384 |     0.225         9.55      1.0% |     0.262        20.52      2.1% |     0.463        16.23      1.6%
    64      512      32768 |     0.211        40.76      4.1% |     0.284        75.56      7.6% |     0.488        61.66      6.2%
    64     1024      65536 |     0.155       222.38     22.5% |     0.356       240.99     24.4% |     0.509       236.34     23.9%
    64     2048     131072 |     0.391       351.87     35.6% |     1.072       320.67     32.4% |     1.453       331.03     33.5%
    64     4096     262144 |     1.361       404.05     40.9% |     3.692       372.24     37.6% |     5.312       362.26     36.6%
    64     8192     524288 |     4.810       457.18     46.2% |    13.816       397.92     40.2% |    18.777       409.89     41.4%
    64    16384    1048576 |    18.393       478.24     48.4% |    53.382       411.94     41.7% |    71.797       428.80     43.4%
   128      128      16384 |     0.216         4.96      0.5% |     0.281         9.56      1.0% |     0.477         7.88      0.8%
   128      256      32768 |     0.219        19.61      2.0% |     0.278        38.61      3.9% |     0.480        31.32      3.2%
   128      512      65536 |     0.111       155.12     15.7% |     0.394       108.96     11.0% |     0.497       120.92     12.2%
   128     1024     131072 |     0.282       243.98     24.7% |     0.672       255.82     25.9% |     0.946       254.13     25.7%
   128     2048     262144 |     0.767       358.22     36.2% |     2.124       323.61     32.7% |     2.904       331.34     33.5%
   128     4096     524288 |     2.792       393.88     39.8% |     7.353       373.84     37.8% |    10.532       365.40     36.9%
   128     8192    1048576 |     9.636       456.44     46.2% |    27.795       395.58     40.0% |    37.442       411.12     41.6%
   128    16384    2097152 |    36.690       479.49     48.5% |   106.793       411.83     41.6% |   143.506       429.06     43.4%

========================================================================================================================
SUMMARY
========================================================================================================================
  Best fwd MFU :   48.5%  at BS=16, SeqLen=16384
  Best bwd MFU :   42.7%  at BS=1, SeqLen=16384
  Best e2e MFU :   43.7%  at BS=8, SeqLen=16384

  ── Forward TFLOPS ──
   BS / SeqLen     128     256     512    1024    2048    4096    8192   16384
  ----------------------------------------------------------------------------
             1     0.0     0.2     0.8     3.1    10.1    55.2   296.6   384.9
             2     0.1     0.4     1.5     6.2    24.6   184.7   330.2   427.3
             4     0.2     0.8     3.1    12.2    51.6   278.3   389.6   456.0
             8     0.3     1.3     5.1    18.9    90.8   339.2   427.3   470.7
            16     0.6     2.5    10.0    39.6   281.5   383.2   446.6   479.7
            32     1.2     5.0    19.9   103.8   324.3   399.2   441.3   475.9
            64     2.4     9.6    40.8   222.4   351.9   404.0   457.2   478.2
           128     5.0    19.6   155.1   244.0   358.2   393.9   456.4   479.5

  ── Backward TFLOPS ──
   BS / SeqLen     128     256     512    1024    2048    4096    8192   16384
  ----------------------------------------------------------------------------
             1     0.1     0.4     1.6     6.7    26.6    91.5   272.3   422.3
             2     0.2     0.8     3.3    13.1    49.8   144.4   338.8   420.5
             4     0.4     1.6     6.6    26.0    96.7   217.1   379.2   422.2
             8     0.6     2.6    10.2    39.5   132.0   342.1   397.6   414.7
            16     1.3     5.1    20.2    80.0   230.0   361.3   394.9   418.0
            32     2.5    10.3    40.7   126.8   313.9   366.4   401.7   412.8
            64     5.3    20.5    75.6   241.0   320.7   372.2   397.9   411.9
           128     9.6    38.6   109.0   255.8   323.6   373.8   395.6   411.8

  ── End-to-End TFLOPS ──
   BS / SeqLen     128     256     512    1024    2048    4096    8192   16384
  ----------------------------------------------------------------------------
             1     0.1     0.3     1.3     4.0    20.5    78.2   280.6   407.7
             2     0.2     0.6     2.5    10.0    40.3   155.8   337.7   427.0
             4     0.3     1.3     5.1    19.9    61.5   241.4   379.4   428.5
             8     0.5     2.1     7.7    30.9   117.5   341.8   408.9   432.1
            16     1.0     4.0    16.3    62.2   247.6   366.0   386.4   429.8
            32     2.0     8.2    31.6   119.2   317.4   375.4   398.5   430.4
            64     4.0    16.2    61.7   236.3   331.0   362.3   409.9   428.8
           128     7.9    31.3   120.9   254.1   331.3   365.4   411.1   429.1

  ── Forward MFU (%) ──
   BS / SeqLen     128     256     512    1024    2048    4096    8192   16384
  ----------------------------------------------------------------------------
             1     0.0     0.0     0.1     0.3     1.0     5.6    30.0    38.9
             2     0.0     0.0     0.2     0.6     2.5    18.7    33.4    43.2
             4     0.0     0.1     0.3     1.2     5.2    28.1    39.4    46.1
             8     0.0     0.1     0.5     1.9     9.2    34.3    43.2    47.6
            16     0.1     0.3     1.0     4.0    28.5    38.7    45.2    48.5
            32     0.1     0.5     2.0    10.5    32.8    40.4    44.6    48.1
            64     0.2     1.0     4.1    22.5    35.6    40.9    46.2    48.4
           128     0.5     2.0    15.7    24.7    36.2    39.8    46.2    48.5

  ── Backward MFU (%) ──
   BS / SeqLen     128     256     512    1024    2048    4096    8192   16384
  ----------------------------------------------------------------------------
             1     0.0     0.0     0.2     0.7     2.7     9.3    27.5    42.7
             2     0.0     0.1     0.3     1.3     5.0    14.6    34.3    42.5
             4     0.0     0.2     0.7     2.6     9.8    22.0    38.3    42.7
             8     0.1     0.3     1.0     4.0    13.3    34.6    40.2    41.9
            16     0.1     0.5     2.0     8.1    23.3    36.5    39.9    42.3
            32     0.3     1.0     4.1    12.8    31.7    37.0    40.6    41.7
            64     0.5     2.1     7.6    24.4    32.4    37.6    40.2    41.7
           128     1.0     3.9    11.0    25.9    32.7    37.8    40.0    41.6

  ── End-to-End MFU (%) ──
   BS / SeqLen     128     256     512    1024    2048    4096    8192   16384
  ----------------------------------------------------------------------------
             1     0.0     0.0     0.1     0.4     2.1     7.9    28.4    41.2
             2     0.0     0.1     0.3     1.0     4.1    15.8    34.1    43.2
             4     0.0     0.1     0.5     2.0     6.2    24.4    38.4    43.3
             8     0.1     0.2     0.8     3.1    11.9    34.6    41.3    43.7
            16     0.1     0.4     1.7     6.3    25.0    37.0    39.1    43.5
            32     0.2     0.8     3.2    12.1    32.1    38.0    40.3    43.5
            64     0.4     1.6     6.2    23.9    33.5    36.6    41.4    43.4
           128     0.8     3.2    12.2    25.7    33.5    36.9    41.6    43.4
  Saved results: training/benchmark/figs/hstu_attn_mfu_results.json

Generating heatmaps ...
  Saved: training/benchmark/figs/hstu_attn_mfu.png
Done.
[rank0]:[W630 20:47:46.773301830 ProcessGroupNCCL.cpp:1524] Warning: WARNING: destroy_process_group() was not called before program exit, which can leak resources. For more info, please see https://pytorch.org/docs/stable/distributed.html#shutdown (function operator())
