========================================================================================================================
HSTU Attention MFU Benchmark  (non-jagged / uniform seqlen)
========================================================================================================================
  Device          : NVIDIA H100 80GB HBM3
  Peak bf16 TFLOPS : 989.0
  Kernel backend  : cutlass
  num_heads       : 4
  dim_per_head    : 256
  hidden_size     : 1024
  is_causal       : True
  dtype           : bfloat16
  warmup/bench    : 10/50 iters
========================================================================================================================
    BS   SeqLen     Tokens |    fwd_ms   fwd_TFLOPS   fwd_MFU |    bwd_ms   bwd_TFLOPS   bwd_MFU |    e2e_ms   e2e_TFLOPS   e2e_MFU
-----------------------------------------------------------------------------------------------------------------------------------
     1      128        128 |     0.185         0.18      0.0% |     0.207         0.41      0.0% |     0.375         0.31      0.0%
     1      256        256 |     0.171         0.79      0.1% |     0.206         1.63      0.2% |     0.375         1.25      0.1%
     1      512        512 |     0.172         3.12      0.3% |     0.201         6.68      0.7% |     0.367         5.12      0.5%
     1     1024       1024 |     0.173        12.39      1.3% |     0.207        25.98      2.6% |     0.378        19.90      2.0%
     1     2048       2048 |     0.150        57.45      5.8% |     0.243        88.34      8.9% |     0.389        77.32      7.8%
     1     4096       4096 |     0.116       297.11     30.0% |     0.346       248.55     25.1% |     0.459       261.93     26.5%
     1     8192       8192 |     0.298       461.03     46.6% |     0.909       378.11     38.2% |     1.211       397.33     40.2%
     1    16384      16384 |     0.803       684.92     69.3% |     3.600       381.78     38.6% |     4.399       437.44     44.2%
     2      128        256 |     0.173         0.39      0.0% |     0.202         0.83      0.1% |     0.374         0.63      0.1%
     2      256        512 |     0.175         1.53      0.2% |     0.203         3.31      0.3% |     0.367         2.56      0.3%
     2      512       1024 |     0.173         6.19      0.6% |     0.204        13.19      1.3% |     0.369        10.19      1.0%
     2     1024       2048 |     0.187        22.93      2.3% |     0.229        46.87      4.7% |     0.408        36.80      3.7%
     2     2048       4096 |     0.086       199.95     20.2% |     0.323       133.01     13.4% |     0.407       147.69     14.9%
     2     4096       8192 |     0.178       385.68     39.0% |     0.566       303.77     30.7% |     0.744       323.26     32.7%
     2     8192      16384 |     0.497       553.31     55.9% |     1.850       371.54     37.6% |     2.320       414.75     41.9%
     2    16384      32768 |     1.584       694.07     70.2% |     7.250       379.12     38.3% |     8.778       438.38     44.3%
     4      128        512 |     0.178         0.75      0.1% |     0.205         1.64      0.2% |     0.369         1.27      0.1%
     4      256       1024 |     0.173         3.10      0.3% |     0.202         6.63      0.7% |     0.378         4.98      0.5%
     4      512       2048 |     0.177        12.15      1.2% |     0.202        26.52      2.7% |     0.368        20.41      2.1%
     4     1024       4096 |     0.150        57.24      5.8% |     0.240        89.54      9.1% |     0.389        77.24      7.8%
     4     2048       8192 |     0.110       312.68     31.6% |     0.335       256.41     25.9% |     0.442       271.90     27.5%
     4     4096      16384 |     0.277       495.38     50.1% |     1.030       333.51     33.7% |     1.319       364.65     36.9%
     4     8192      32768 |     0.898       611.91     61.9% |     3.685       372.98     37.7% |     4.981       386.31     39.1%
     4    16384      65536 |     3.158       696.35     70.4% |    14.574       377.22     38.1% |    17.719       434.38     43.9%
     8      128       1024 |     0.190         1.41      0.1% |     0.206         3.27      0.3% |     0.390         2.41      0.2%
     8      256       2048 |     0.179         6.01      0.6% |     0.207        12.98      1.3% |     0.403         9.33      0.9%
     8      512       4096 |     0.192        22.33      2.3% |     0.283        37.92      3.8% |     0.464        32.38      3.3%
     8     1024       8192 |     0.124       138.46     14.0% |     0.366       117.38     11.9% |     0.483       124.48     12.6%
     8     2048      16384 |     0.166       413.45     41.8% |     0.587       292.45     29.6% |     0.754       319.10     32.3%
     8     4096      32768 |     0.496       554.15     56.0% |     2.017       340.75     34.5% |     2.467       390.01     39.4%
     8     8192      65536 |     1.761       624.44     63.1% |     7.420       370.46     37.5% |     9.490       405.52     41.0%
     8    16384     131072 |     6.306       697.44     70.5% |    29.110       377.71     38.2% |    35.379       435.10     44.0%
    16      128       2048 |     0.183         2.94      0.3% |     0.204         6.59      0.7% |     0.367         5.12      0.5%
    16      256       4096 |     0.176        12.21      1.2% |     0.201        26.72      2.7% |     0.373        20.15      2.0%
    16      512       8192 |     0.135        63.49      6.4% |     0.259        82.84      8.4% |     0.391        76.98      7.8%
    16     1024      16384 |     0.107       320.38     32.4% |     0.372       231.11     23.4% |     0.477       252.10     25.5%
    16     2048      32768 |     0.282       487.21     49.3% |     1.123       305.93     30.9% |     1.403       342.89     34.7%
    16     4096      65536 |     0.913       602.25     60.9% |     3.932       349.52     35.3% |     5.245       366.83     37.1%
    16     8192     131072 |     3.357       655.14     66.2% |    15.109       363.85     36.8% |    18.517       415.64     42.0%
    16    16384     262144 |    12.523       702.41     71.0% |    58.573       375.44     38.0% |    71.100       433.00     43.8%
    32      128       4096 |     0.177         6.07      0.6% |     0.208        12.89      1.3% |     0.373        10.07      1.0%
    32      256       8192 |     0.155        27.73      2.8% |     0.238        45.06      4.6% |     0.397        37.91      3.8%
    32      512      16384 |     0.078       218.95     22.1% |     0.317       135.55     13.7% |     0.390       154.21     15.6%
    32     1024      32768 |     0.176       389.57     39.4% |     0.680       252.75     25.6% |     0.856       280.90     28.4%
    32     2048      65536 |     0.518       530.83     53.7% |     2.182       314.90     31.8% |     2.697       356.67     36.1%
    32     4096     131072 |     1.838       598.14     60.5% |     7.838       350.72     35.5% |    10.003       384.72     38.9%
    32     8192     262144 |     6.605       665.88     67.3% |    30.082       365.51     37.0% |    36.515       421.56     42.6%
    32    16384     524288 |    24.897       706.60     71.4% |   117.511       374.27     37.8% |   142.516       432.04     43.7%
    64      128       8192 |     0.183        11.72      1.2% |     0.224        23.93      2.4% |     0.383        19.65      2.0%
    64      256      16384 |     0.069       125.00     12.6% |     0.335        64.18      6.5% |     0.392        76.76      7.8%
    64      512      32768 |     0.127       270.09     27.3% |     0.499       172.13     17.4% |     0.624       192.57     19.5%
    64     1024      65536 |     0.322       426.89     43.2% |     1.343       255.93     25.9% |     1.629       295.24     29.9%
    64     2048     131072 |     0.993       553.81     56.0% |     4.555       301.70     30.5% |     5.469       351.80     35.6%
    64     4096     262144 |     3.539       621.42     62.8% |    15.953       344.62     34.8% |    19.564       393.41     39.8%
    64     8192     524288 |    12.954       679.01     68.7% |    60.504       363.45     36.7% |    73.696       417.75     42.2%
    64    16384    1048576 |    52.086       675.51     68.3% |   232.406       378.48     38.3% |   284.435       432.95     43.8%
   128      128      16384 |     0.077        55.97      5.7% |     0.317        33.92      3.4% |     0.400        37.59      3.8%
   128      256      32768 |     0.111       154.25     15.6% |     0.446        96.21      9.7% |     0.555       108.26     10.9%
   128      512      65536 |     0.222       309.37     31.3% |     0.955       179.97     18.2% |     1.175       204.66     20.7%
   128     1024     131072 |     0.602       456.62     46.2% |     2.600       264.30     26.7% |     3.201       300.57     30.4%
   128     2048     262144 |     1.987       553.26     55.9% |     8.823       311.54     31.5% |    10.796       356.44     36.0%
   128     4096     524288 |     7.002       628.14     63.5% |    31.713       346.70     35.1% |    38.627       398.51     40.3%
   128     8192    1048576 |    25.683       684.96     69.3% |   120.909       363.75     36.8% |   146.642       419.88     42.5%
   128    16384    2097152 |   108.750       647.07     65.4% |   459.143       383.15     38.7% |   568.056       433.57     43.8%

========================================================================================================================
SUMMARY
========================================================================================================================
  Best fwd MFU :   71.4%  at BS=32, SeqLen=16384
  Best bwd MFU :   38.7%  at BS=128, SeqLen=16384
  Best e2e MFU :   44.3%  at BS=2, SeqLen=16384

  ── Forward TFLOPS ──
   BS \ SeqLen     128     256     512    1024    2048    4096    8192   16384
  ----------------------------------------------------------------------------
             1     0.2     0.8     3.1    12.4    57.5   297.1   461.0   684.9
             2     0.4     1.5     6.2    22.9   200.0   385.7   553.3   694.1
             4     0.8     3.1    12.1    57.2   312.7   495.4   611.9   696.4
             8     1.4     6.0    22.3   138.5   413.5   554.2   624.4   697.4
            16     2.9    12.2    63.5   320.4   487.2   602.3   655.1   702.4
            32     6.1    27.7   219.0   389.6   530.8   598.1   665.9   706.6
            64    11.7   125.0   270.1   426.9   553.8   621.4   679.0   675.5
           128    56.0   154.3   309.4   456.6   553.3   628.1   685.0   647.1

  ── Backward TFLOPS ──
   BS \ SeqLen     128     256     512    1024    2048    4096    8192   16384
  ----------------------------------------------------------------------------
             1     0.4     1.6     6.7    26.0    88.3   248.6   378.1   381.8
             2     0.8     3.3    13.2    46.9   133.0   303.8   371.5   379.1
             4     1.6     6.6    26.5    89.5   256.4   333.5   373.0   377.2
             8     3.3    13.0    37.9   117.4   292.5   340.7   370.5   377.7
            16     6.6    26.7    82.8   231.1   305.9   349.5   363.9   375.4
            32    12.9    45.1   135.5   252.7   314.9   350.7   365.5   374.3
            64    23.9    64.2   172.1   255.9   301.7   344.6   363.5   378.5
           128    33.9    96.2   180.0   264.3   311.5   346.7   363.7   383.2

  ── End-to-End TFLOPS ──
   BS \ SeqLen     128     256     512    1024    2048    4096    8192   16384
  ----------------------------------------------------------------------------
             1     0.3     1.3     5.1    19.9    77.3   261.9   397.3   437.4
             2     0.6     2.6    10.2    36.8   147.7   323.3   414.8   438.4
             4     1.3     5.0    20.4    77.2   271.9   364.7   386.3   434.4
             8     2.4     9.3    32.4   124.5   319.1   390.0   405.5   435.1
            16     5.1    20.2    77.0   252.1   342.9   366.8   415.6   433.0
            32    10.1    37.9   154.2   280.9   356.7   384.7   421.6   432.0
            64    19.6    76.8   192.6   295.2   351.8   393.4   417.7   432.9
           128    37.6   108.3   204.7   300.6   356.4   398.5   419.9   433.6

  ── Forward MFU (%) ──
   BS \ SeqLen     128     256     512    1024    2048    4096    8192   16384
  ----------------------------------------------------------------------------
             1     0.0     0.1     0.3     1.3     5.8    30.0    46.6    69.3
             2     0.0     0.2     0.6     2.3    20.2    39.0    55.9    70.2
             4     0.1     0.3     1.2     5.8    31.6    50.1    61.9    70.4
             8     0.1     0.6     2.3    14.0    41.8    56.0    63.1    70.5
            16     0.3     1.2     6.4    32.4    49.3    60.9    66.2    71.0
            32     0.6     2.8    22.1    39.4    53.7    60.5    67.3    71.4
            64     1.2    12.6    27.3    43.2    56.0    62.8    68.7    68.3
           128     5.7    15.6    31.3    46.2    55.9    63.5    69.3    65.4

  ── Backward MFU (%) ──
   BS \ SeqLen     128     256     512    1024    2048    4096    8192   16384
  ----------------------------------------------------------------------------
             1     0.0     0.2     0.7     2.6     8.9    25.1    38.2    38.6
             2     0.1     0.3     1.3     4.7    13.4    30.7    37.6    38.3
             4     0.2     0.7     2.7     9.1    25.9    33.7    37.7    38.1
             8     0.3     1.3     3.8    11.9    29.6    34.5    37.5    38.2
            16     0.7     2.7     8.4    23.4    30.9    35.3    36.8    38.0
            32     1.3     4.6    13.7    25.6    31.8    35.5    37.0    37.8
            64     2.4     6.5    17.4    25.9    30.5    34.8    36.7    38.3
           128     3.4     9.7    18.2    26.7    31.5    35.1    36.8    38.7

  ── End-to-End MFU (%) ──
   BS \ SeqLen     128     256     512    1024    2048    4096    8192   16384
  ----------------------------------------------------------------------------
             1     0.0     0.1     0.5     2.0     7.8    26.5    40.2    44.2
             2     0.1     0.3     1.0     3.7    14.9    32.7    41.9    44.3
             4     0.1     0.5     2.1     7.8    27.5    36.9    39.1    43.9
             8     0.2     0.9     3.3    12.6    32.3    39.4    41.0    44.0
            16     0.5     2.0     7.8    25.5    34.7    37.1    42.0    43.8
            32     1.0     3.8    15.6    28.4    36.1    38.9    42.6    43.7
            64     2.0     7.8    19.5    29.9    35.6    39.8    42.2    43.8
           128     3.8    10.9    20.7    30.4    36.0    40.3    42.5    43.8
  Saved results: training/benchmark/figs/hstu_attn_mfu_results.json

Generating heatmaps ...
  Saved: training/benchmark/figs/hstu_attn_mfu.png
Done.
[rank0]:[W630 03:10:28.803753893 ProcessGroupNCCL.cpp:1524] Warning: WARNING: destroy_process_group() was not called before program exit, which can leak resources. For more info, please see https://pytorch.org/docs/stable/distributed.html#shutdown (function operator())
