##### H100 attn t256 #####
========================================================================================================================
HSTU Attention MFU Benchmark  (non-jagged / uniform seqlen)
========================================================================================================================
  Device          : NVIDIA H100 80GB HBM3
  Peak bf16 TFLOPS : 989.0
  Kernel backend  : triton
  num_heads       : 4
  dim_per_head    : 256
  hidden_size     : 1024
  is_causal       : True
  dtype           : bfloat16
  warmup/bench    : 10/50 iters
========================================================================================================================
    BS   SeqLen     Tokens |    fwd_ms   fwd_TFLOPS   fwd_MFU |    bwd_ms   bwd_TFLOPS   bwd_MFU |    e2e_ms   e2e_TFLOPS   e2e_MFU
-----------------------------------------------------------------------------------------------------------------------------------
WARNING: temporarily disabled some autotune configs for CUDA 12.8+
     1      128        128 |     0.247         0.14      0.0% |     0.329         0.26      0.0% |     0.561         0.21      0.0%
     1      256        256 |     0.235         0.57      0.1% |     0.331         1.02      0.1% |     0.545         0.86      0.1%
     1      512        512 |     0.225         2.39      0.2% |     0.326         4.12      0.4% |     0.539         3.49      0.4%
     1     1024       1024 |     0.157        13.71      1.4% |     0.418        12.85      1.3% |     0.572        13.15      1.3%
     1     2048       2048 |     0.048       178.96     18.1% |     0.554        38.75      3.9% |     0.584        51.45      5.2%
     1     4096       4096 |     0.140       245.88     24.9% |     1.020        84.25      8.5% |     1.158       103.82     10.5%
     1     8192       8192 |     0.410       334.94     33.9% |     3.842        89.44      9.0% |     4.266       112.76     11.4%
     1    16384      16384 |     1.278       430.08     43.5% |    15.301        89.83      9.1% |    16.596       115.94     11.7%
     2      128        256 |     0.230         0.29      0.0% |     0.318         0.53      0.1% |     0.549         0.43      0.0%
     2      256        512 |     0.230         1.17      0.1% |     0.325         2.07      0.2% |     0.548         1.71      0.2%
     2      512       1024 |     0.228         4.71      0.5% |     0.336         8.00      0.8% |     0.544         6.91      0.7%
     2     1024       2048 |     0.125        34.48      3.5% |     0.451        23.83      2.4% |     0.561        26.79      2.7%
     2     2048       4096 |     0.078       220.03     22.2% |     0.533        80.56      8.1% |     0.608        98.83     10.0%
     2     4096       8192 |     0.220       311.73     31.5% |     1.957        87.78      8.9% |     2.183       110.20     11.1%
     2     8192      16384 |     0.670       410.24     41.5% |     7.783        88.29      8.9% |     8.449       113.86     11.5%
     2    16384      32768 |     2.219       495.60     50.1% |    30.976        88.74      9.0% |    33.184       115.97     11.7%
     4      128        512 |     0.238         0.56      0.1% |     0.315         1.07      0.1% |     0.554         0.85      0.1%
     4      256       1024 |     0.237         2.26      0.2% |     0.317         4.23      0.4% |     0.539         3.48      0.4%
     4      512       2048 |     0.222         9.67      1.0% |     0.340        15.77      1.6% |     0.556        13.51      1.4%
     4     1024       4096 |     0.047       183.86     18.6% |     0.506        42.48      4.3% |     0.552        54.43      5.5%
     4     2048       8192 |     0.123       279.40     28.3% |     1.027        83.63      8.5% |     1.152       104.42     10.6%
     4     4096      16384 |     0.363       378.90     38.3% |     3.995        86.01      8.7% |     4.355       110.45     11.2%
     4     8192      32768 |     1.154       476.54     48.2% |    15.654        87.80      8.9% |    16.812       114.45     11.6%
     4    16384      65536 |     4.121       533.62     54.0% |    62.361        88.16      8.9% |    66.470       115.79     11.7%
     8      128       1024 |     0.239         1.12      0.1% |     0.314         2.14      0.2% |     0.538         1.74      0.2%
     8      256       2048 |     0.243         4.41      0.4% |     0.318         8.44      0.9% |     0.544         6.91      0.7%
     8      512       4096 |     0.176        24.42      2.5% |     0.389        27.57      2.8% |     0.580        25.92      2.6%
     8     1024       8192 |     0.073       234.54     23.7% |     0.565        76.03      7.7% |     0.635        94.68      9.6%
     8     2048      16384 |     0.209       328.56     33.2% |     2.098        81.90      8.3% |     2.304       104.37     10.6%
     8     4096      32768 |     0.622       441.66     44.7% |     8.049        85.38      8.6% |     8.666       111.02     11.2%
     8     8192      65536 |     2.126       517.12     52.3% |    31.185        88.14      8.9% |    33.369       115.33     11.7%
     8    16384     131072 |     7.812       563.00     56.9% |   140.716        78.14      7.9% |   148.550       103.62     10.5%
    16      128       2048 |     0.241         2.23      0.2% |     0.317         4.24      0.4% |     0.530         3.54      0.4%
    16      256       4096 |     0.225         9.56      1.0% |     0.326        16.46      1.7% |     0.532        14.13      1.4%
    16      512       8192 |     0.050       170.60     17.2% |     0.526        40.86      4.1% |     0.562        53.47      5.4%
    16     1024      16384 |     0.125       273.88     27.7% |     1.148        74.79      7.6% |     1.270        94.66      9.6%
    16     2048      32768 |     0.361       380.69     38.5% |     4.248        80.88      8.2% |     4.610       104.35     10.6%
    16     4096      65536 |     1.146       479.86     48.5% |    16.225        84.71      8.6% |    17.384       110.69     11.2%
    16     8192     131072 |     4.074       539.74     54.6% |    71.730        76.64      7.7% |    75.786       101.56     10.3%
    16    16384     262144 |    15.296       575.04     58.1% |   289.065        76.07      7.7% |   304.494       101.11     10.2%
    32      128       4096 |     0.244         4.40      0.4% |     0.312         8.61      0.9% |     0.529         7.10      0.7%
    32      256       8192 |     0.189        22.77      2.3% |     0.370        29.05      2.9% |     0.549        27.37      2.8%
    32      512      16384 |     0.083       205.97     20.8% |     0.481        89.35      9.0% |     0.560       107.34     10.9%
    32     1024      32768 |     0.218       315.44     31.9% |     1.629       105.47     10.7% |     1.845       130.38     13.2%
    32     2048      65536 |     0.665       413.40     41.8% |     5.934       115.80     11.7% |     6.594       145.89     14.8%
    32     4096     131072 |     2.187       502.81     50.8% |    22.683       121.18     12.3% |    24.861       154.79     15.7%
    32     8192     262144 |     7.901       556.63     56.3% |    89.077       123.43     12.5% |    96.965       158.75     16.1%
    32    16384     524288 |    30.376       579.14     58.6% |   355.649       123.66     12.5% |   386.147       159.45     16.1%
    64      128       8192 |     0.224         9.57      1.0% |     0.327        16.40      1.7% |     0.533        14.11      1.4%
    64      256      16384 |     0.065       132.20     13.4% |     0.486        44.22      4.5% |     0.549        54.72      5.5%
    64      512      32768 |     0.144       238.21     24.1% |     0.940        91.41      9.2% |     1.082       111.20     11.2%
    64     1024      65536 |     0.398       345.19     34.9% |     3.219       106.74     10.8% |     3.617       132.98     13.4%
    64     2048     131072 |     1.269       433.33     43.8% |    11.792       116.55     11.8% |    13.065       147.28     14.9%
    64     4096     262144 |     4.263       515.84     52.2% |    45.258       121.47     12.3% |    49.515       155.44     15.7%
    64     8192     524288 |    15.629       562.79     56.9% |   178.699       123.06     12.4% |   194.484       158.30     16.0%
    64    16384    1048576 |    62.126       566.34     57.3% |   708.488       124.15     12.6% |   770.747       159.77     16.2%
   128      128      16384 |     0.120        35.85      3.6% |     0.428        25.06      2.5% |     0.542        27.71      2.8%
   128      256      32768 |     0.113       152.20     15.4% |     0.597        71.89      7.3% |     0.708        84.92      8.6%
   128      512      65536 |     0.264       260.57     26.3% |     1.846        93.05      9.4% |     2.108       114.12     11.5%
   128     1024     131072 |     0.780       352.27     35.6% |     6.375       107.79     10.9% |     7.156       134.44     13.6%
   128     2048     262144 |     2.475       444.25     44.9% |    23.498       116.98     11.8% |    25.970       148.18     15.0%
   128     4096     524288 |     8.414       522.70     52.9% |    90.449       121.56     12.3% |    98.828       155.76     15.7%
   128     8192    1048576 |    31.070       566.21     57.3% |   357.589       122.99     12.4% |   388.982       158.29     16.0%
   128    16384    2097152 |   129.037       545.34     55.1% |  1411.123       124.67     12.6% |  1540.325       159.90     16.2%

========================================================================================================================
SUMMARY
========================================================================================================================
  Best fwd MFU :   58.6%  at BS=32, SeqLen=16384
  Best bwd MFU :   12.6%  at BS=128, SeqLen=16384
  Best e2e MFU :   16.2%  at BS=128, SeqLen=16384

  ── Forward TFLOPS ──
   BS / SeqLen     128     256     512    1024    2048    4096    8192   16384
  ----------------------------------------------------------------------------
             1     0.1     0.6     2.4    13.7   179.0   245.9   334.9   430.1
             2     0.3     1.2     4.7    34.5   220.0   311.7   410.2   495.6
             4     0.6     2.3     9.7   183.9   279.4   378.9   476.5   533.6
             8     1.1     4.4    24.4   234.5   328.6   441.7   517.1   563.0
            16     2.2     9.6   170.6   273.9   380.7   479.9   539.7   575.0
            32     4.4    22.8   206.0   315.4   413.4   502.8   556.6   579.1
            64     9.6   132.2   238.2   345.2   433.3   515.8   562.8   566.3
           128    35.8   152.2   260.6   352.3   444.3   522.7   566.2   545.3

  ── Backward TFLOPS ──
   BS / SeqLen     128     256     512    1024    2048    4096    8192   16384
  ----------------------------------------------------------------------------
             1     0.3     1.0     4.1    12.8    38.7    84.2    89.4    89.8
             2     0.5     2.1     8.0    23.8    80.6    87.8    88.3    88.7
             4     1.1     4.2    15.8    42.5    83.6    86.0    87.8    88.2
             8     2.1     8.4    27.6    76.0    81.9    85.4    88.1    78.1
            16     4.2    16.5    40.9    74.8    80.9    84.7    76.6    76.1
            32     8.6    29.1    89.3   105.5   115.8   121.2   123.4   123.7
            64    16.4    44.2    91.4   106.7   116.5   121.5   123.1   124.2
           128    25.1    71.9    93.1   107.8   117.0   121.6   123.0   124.7

  ── End-to-End TFLOPS ──
   BS / SeqLen     128     256     512    1024    2048    4096    8192   16384
  ----------------------------------------------------------------------------
             1     0.2     0.9     3.5    13.1    51.5   103.8   112.8   115.9
             2     0.4     1.7     6.9    26.8    98.8   110.2   113.9   116.0
             4     0.8     3.5    13.5    54.4   104.4   110.5   114.4   115.8
             8     1.7     6.9    25.9    94.7   104.4   111.0   115.3   103.6
            16     3.5    14.1    53.5    94.7   104.3   110.7   101.6   101.1
            32     7.1    27.4   107.3   130.4   145.9   154.8   158.8   159.5
            64    14.1    54.7   111.2   133.0   147.3   155.4   158.3   159.8
           128    27.7    84.9   114.1   134.4   148.2   155.8   158.3   159.9

  ── Forward MFU (%) ──
   BS / SeqLen     128     256     512    1024    2048    4096    8192   16384
  ----------------------------------------------------------------------------
             1     0.0     0.1     0.2     1.4    18.1    24.9    33.9    43.5
             2     0.0     0.1     0.5     3.5    22.2    31.5    41.5    50.1
             4     0.1     0.2     1.0    18.6    28.3    38.3    48.2    54.0
             8     0.1     0.4     2.5    23.7    33.2    44.7    52.3    56.9
            16     0.2     1.0    17.2    27.7    38.5    48.5    54.6    58.1
            32     0.4     2.3    20.8    31.9    41.8    50.8    56.3    58.6
            64     1.0    13.4    24.1    34.9    43.8    52.2    56.9    57.3
           128     3.6    15.4    26.3    35.6    44.9    52.9    57.3    55.1

  ── Backward MFU (%) ──
   BS / SeqLen     128     256     512    1024    2048    4096    8192   16384
  ----------------------------------------------------------------------------
             1     0.0     0.1     0.4     1.3     3.9     8.5     9.0     9.1
             2     0.1     0.2     0.8     2.4     8.1     8.9     8.9     9.0
             4     0.1     0.4     1.6     4.3     8.5     8.7     8.9     8.9
             8     0.2     0.9     2.8     7.7     8.3     8.6     8.9     7.9
            16     0.4     1.7     4.1     7.6     8.2     8.6     7.7     7.7
            32     0.9     2.9     9.0    10.7    11.7    12.3    12.5    12.5
            64     1.7     4.5     9.2    10.8    11.8    12.3    12.4    12.6
           128     2.5     7.3     9.4    10.9    11.8    12.3    12.4    12.6

  ── End-to-End MFU (%) ──
   BS / SeqLen     128     256     512    1024    2048    4096    8192   16384
  ----------------------------------------------------------------------------
             1     0.0     0.1     0.4     1.3     5.2    10.5    11.4    11.7
             2     0.0     0.2     0.7     2.7    10.0    11.1    11.5    11.7
             4     0.1     0.4     1.4     5.5    10.6    11.2    11.6    11.7
             8     0.2     0.7     2.6     9.6    10.6    11.2    11.7    10.5
            16     0.4     1.4     5.4     9.6    10.6    11.2    10.3    10.2
            32     0.7     2.8    10.9    13.2    14.8    15.7    16.1    16.1
            64     1.4     5.5    11.2    13.4    14.9    15.7    16.0    16.2
           128     2.8     8.6    11.5    13.6    15.0    15.7    16.0    16.2
  Saved results: training/benchmark/figs/hstu_attn_mfu_results.json

Generating heatmaps ...
  Saved: training/benchmark/figs/hstu_attn_mfu.png
Done.
[rank0]:[W630 20:24:38.228884018 ProcessGroupNCCL.cpp:1524] Warning: WARNING: destroy_process_group() was not called before program exit, which can leak resources. For more info, please see https://pytorch.org/docs/stable/distributed.html#shutdown (function operator())
