========================================================================================================================
HSTU Attention MFU Benchmark  (non-jagged / uniform seqlen)
========================================================================================================================
  Device          : NVIDIA H100 80GB HBM3
  Peak bf16 TFLOPS : 989.0
  Kernel backend  : cutlass
  num_heads       : 4
  dim_per_head    : 128
  hidden_size     : 1024
  is_causal       : True
  dtype           : bfloat16
  warmup/bench    : 10/50 iters
========================================================================================================================
    BS   SeqLen     Tokens |    fwd_ms   fwd_TFLOPS   fwd_MFU |    bwd_ms   bwd_TFLOPS   bwd_MFU |    e2e_ms   e2e_TFLOPS   e2e_MFU
-----------------------------------------------------------------------------------------------------------------------------------
     1      128        128 |     0.183         0.09      0.0% |     0.206         0.20      0.0% |     0.375         0.16      0.0%
     1      256        256 |     0.179         0.37      0.0% |     0.207         0.81      0.1% |     0.380         0.62      0.1%
     1      512        512 |     0.182         1.47      0.1% |     0.205         3.27      0.3% |     0.392         2.40      0.2%
     1     1024       1024 |     0.176         6.09      0.6% |     0.203        13.21      1.3% |     0.367        10.24      1.0%
     1     2048       2048 |     0.176        24.38      2.5% |     0.216        49.80      5.0% |     0.390        38.53      3.9%
     1     4096       4096 |     0.097       177.48     17.9% |     0.306       140.52     14.2% |     0.397       151.49     15.3%
     1     8192       8192 |     0.191       360.32     36.4% |     0.524       328.08     33.2% |     0.712       338.04     34.2%
     1    16384      16384 |     0.494       556.02     56.2% |     1.435       478.89     48.4% |     1.924       499.91     50.5%
     2      128        256 |     0.180         0.19      0.0% |     0.208         0.40      0.0% |     0.371         0.32      0.0%
     2      256        512 |     0.174         0.77      0.1% |     0.203         1.65      0.2% |     0.365         1.29      0.1%
     2      512       1024 |     0.170         3.15      0.3% |     0.202         6.64      0.7% |     0.374         5.02      0.5%
     2     1024       2048 |     0.176        12.17      1.2% |     0.203        26.44      2.7% |     0.365        20.62      2.1%
     2     2048       4096 |     0.167        51.42      5.2% |     0.223        96.40      9.7% |     0.387        77.73      7.9%
     2     4096       8192 |     0.115       299.76     30.3% |     0.304       282.24     28.5% |     0.413       291.33     29.5%
     2     8192      16384 |     0.302       454.69     46.0% |     0.855       401.95     40.6% |     1.153       417.25     42.2%
     2    16384      32768 |     0.973       565.22     57.2% |     2.851       482.03     48.7% |     3.820       503.70     50.9%
     4      128        512 |     0.181         0.37      0.0% |     0.207         0.81      0.1% |     0.365         0.64      0.1%
     4      256       1024 |     0.172         1.56      0.2% |     0.215         3.12      0.3% |     0.370         2.54      0.3%
     4      512       2048 |     0.171         6.29      0.6% |     0.199        13.51      1.4% |     0.371        10.12      1.0%
     4     1024       4096 |     0.178        24.17      2.4% |     0.203        52.92      5.4% |     0.367        40.97      4.1%
     4     2048       8192 |     0.097       177.45     17.9% |     0.291       147.48     14.9% |     0.381       157.68     15.9%
     4     4096      16384 |     0.177       387.88     39.2% |     0.480       357.82     36.2% |     0.651       369.54     37.4%
     4     8192      32768 |     0.544       504.86     51.0% |     1.583       434.07     43.9% |     2.144       448.69     45.4%
     4    16384      65536 |     1.940       566.74     57.3% |     5.801       473.88     47.9% |     7.705       499.43     50.5%
     8      128       1024 |     0.172         0.78      0.1% |     0.209         1.61      0.2% |     0.372         1.26      0.1%
     8      256       2048 |     0.177         3.04      0.3% |     0.206         6.50      0.7% |     0.379         4.95      0.5%
     8      512       4096 |     0.177        12.12      1.2% |     0.213        25.15      2.5% |     0.377        19.96      2.0%
     8     1024       8192 |     0.166        51.74      5.2% |     0.223        96.12      9.7% |     0.391        76.93      7.8%
     8     2048      16384 |     0.106       323.90     32.8% |     0.287       299.73     30.3% |     0.387       310.92     31.4%
     8     4096      32768 |     0.295       465.93     47.1% |     0.859       399.81     40.4% |     1.187       405.40     41.0%
     8     8192      65536 |     1.048       524.46     53.0% |     3.060       449.20     45.4% |     4.130       465.85     47.1%
     8    16384     131072 |     3.893       564.89     57.1% |    11.562       475.47     48.1% |    15.647       491.90     49.7%
    16      128       2048 |     0.175         1.54      0.2% |     0.203         3.31      0.3% |     0.364         2.58      0.3%
    16      256       4096 |     0.175         6.12      0.6% |     0.206        13.05      1.3% |     0.372        10.12      1.0%
    16      512       8192 |     0.171        25.11      2.5% |     0.203        53.01      5.4% |     0.378        39.82      4.0%
    16     1024      16384 |     0.104       165.80     16.8% |     0.291       147.74     14.9% |     0.386       155.69     15.7%
    16     2048      32768 |     0.176       390.52     39.5% |     0.496       346.38     35.0% |     0.670       358.98     36.3%
    16     4096      65536 |     0.565       486.25     49.2% |     1.668       411.91     41.6% |     2.222       433.01     43.8%
    16     8192     131072 |     2.070       531.08     53.7% |     6.134       448.15     45.3% |     8.141       472.71     47.8%
    16    16384     262144 |     7.803       563.61     57.0% |    23.337       471.14     47.6% |    31.140       494.31     50.0%
    32      128       4096 |     0.177         3.02      0.3% |     0.212         6.34      0.6% |     0.364         5.16      0.5%
    32      256       8192 |     0.173        12.44      1.3% |     0.199        27.01      2.7% |     0.383        19.63      2.0%
    32      512      16384 |     0.152        56.36      5.7% |     0.242        88.64      9.0% |     0.399        75.31      7.6%
    32     1024      32768 |     0.114       301.36     30.5% |     0.321       267.93     27.1% |     0.430       279.42     28.3%
    32     2048      65536 |     0.311       441.23     44.6% |     0.952       360.85     36.5% |     1.281       375.60     38.0%
    32     4096     131072 |     1.110       495.47     50.1% |     3.239       424.28     42.9% |     4.794       401.39     40.6%
    32     8192     262144 |     4.074       539.73     54.6% |    12.084       454.95     46.0% |    16.194       475.27     48.1%
    32    16384     524288 |    15.801       556.68     56.3% |    46.738       470.50     47.6% |    62.224       494.76     50.0%
    64      128       8192 |     0.184         5.83      0.6% |     0.208        12.88      1.3% |     0.373        10.07      1.0%
    64      256      16384 |     0.164        26.24      2.7% |     0.225        47.83      4.8% |     0.401        37.49      3.8%
    64      512      32768 |     0.083       206.73     20.9% |     0.317       135.42     13.7% |     0.382       157.30     15.9%
    64     1024      65536 |     0.198       346.26     35.0% |     0.584       293.97     29.7% |     0.782       307.76     31.1%
    64     2048     131072 |     0.623       441.55     44.6% |     1.875       366.48     37.1% |     2.513       382.80     38.7%
    64     4096     262144 |     2.287       480.82     48.6% |     6.451       426.08     43.1% |     8.785       438.07     44.3%
    64     8192     524288 |     8.149       539.69     54.6% |    24.235       453.68     45.9% |    32.632       471.72     47.7%
    64    16384    1048576 |    31.454       559.30     56.6% |    93.706       469.34     47.5% |   125.337       491.26     49.7%
   128      128      16384 |     0.179        12.01      1.2% |     0.224        24.02      2.4% |     0.397        18.95      1.9%
   128      256      32768 |     0.074       116.84     11.8% |     0.318        67.51      6.8% |     0.390        77.15      7.8%
   128      512      65536 |     0.142       241.13     24.4% |     0.442       194.46     19.7% |     0.582       206.60     20.9%
   128     1024     131072 |     0.374       367.03     37.1% |     1.152       298.13     30.1% |     1.527       314.93     31.8%
   128     2048     262144 |     1.229       447.32     45.2% |     3.737       367.77     37.2% |     5.027       382.78     38.7%
   128     4096     524288 |     4.391       500.82     50.6% |    12.992       423.15     42.8% |    17.349       443.65     44.9%
   128     8192    1048576 |    16.410       536.01     54.2% |    48.628       452.21     45.7% |    65.165       472.43     47.8%
   128    16384    2097152 |    63.741       551.99     55.8% |   187.170       469.95     47.5% |   251.061       490.50     49.6%

========================================================================================================================
SUMMARY
========================================================================================================================
  Best fwd MFU :   57.3%  at BS=4, SeqLen=16384
  Best bwd MFU :   48.7%  at BS=2, SeqLen=16384
  Best e2e MFU :   50.9%  at BS=2, SeqLen=16384

  ── Forward TFLOPS ──
   BS / SeqLen     128     256     512    1024    2048    4096    8192   16384
  ----------------------------------------------------------------------------
             1     0.1     0.4     1.5     6.1    24.4   177.5   360.3   556.0
             2     0.2     0.8     3.2    12.2    51.4   299.8   454.7   565.2
             4     0.4     1.6     6.3    24.2   177.4   387.9   504.9   566.7
             8     0.8     3.0    12.1    51.7   323.9   465.9   524.5   564.9
            16     1.5     6.1    25.1   165.8   390.5   486.3   531.1   563.6
            32     3.0    12.4    56.4   301.4   441.2   495.5   539.7   556.7
            64     5.8    26.2   206.7   346.3   441.6   480.8   539.7   559.3
           128    12.0   116.8   241.1   367.0   447.3   500.8   536.0   552.0

  ── Backward TFLOPS ──
   BS / SeqLen     128     256     512    1024    2048    4096    8192   16384
  ----------------------------------------------------------------------------
             1     0.2     0.8     3.3    13.2    49.8   140.5   328.1   478.9
             2     0.4     1.7     6.6    26.4    96.4   282.2   402.0   482.0
             4     0.8     3.1    13.5    52.9   147.5   357.8   434.1   473.9
             8     1.6     6.5    25.2    96.1   299.7   399.8   449.2   475.5
            16     3.3    13.0    53.0   147.7   346.4   411.9   448.2   471.1
            32     6.3    27.0    88.6   267.9   360.9   424.3   455.0   470.5
            64    12.9    47.8   135.4   294.0   366.5   426.1   453.7   469.3
           128    24.0    67.5   194.5   298.1   367.8   423.2   452.2   470.0

  ── End-to-End TFLOPS ──
   BS / SeqLen     128     256     512    1024    2048    4096    8192   16384
  ----------------------------------------------------------------------------
             1     0.2     0.6     2.4    10.2    38.5   151.5   338.0   499.9
             2     0.3     1.3     5.0    20.6    77.7   291.3   417.2   503.7
             4     0.6     2.5    10.1    41.0   157.7   369.5   448.7   499.4
             8     1.3     5.0    20.0    76.9   310.9   405.4   465.8   491.9
            16     2.6    10.1    39.8   155.7   359.0   433.0   472.7   494.3
            32     5.2    19.6    75.3   279.4   375.6   401.4   475.3   494.8
            64    10.1    37.5   157.3   307.8   382.8   438.1   471.7   491.3
           128    18.9    77.1   206.6   314.9   382.8   443.6   472.4   490.5

  ── Forward MFU (%) ──
   BS / SeqLen     128     256     512    1024    2048    4096    8192   16384
  ----------------------------------------------------------------------------
             1     0.0     0.0     0.1     0.6     2.5    17.9    36.4    56.2
             2     0.0     0.1     0.3     1.2     5.2    30.3    46.0    57.2
             4     0.0     0.2     0.6     2.4    17.9    39.2    51.0    57.3
             8     0.1     0.3     1.2     5.2    32.8    47.1    53.0    57.1
            16     0.2     0.6     2.5    16.8    39.5    49.2    53.7    57.0
            32     0.3     1.3     5.7    30.5    44.6    50.1    54.6    56.3
            64     0.6     2.7    20.9    35.0    44.6    48.6    54.6    56.6
           128     1.2    11.8    24.4    37.1    45.2    50.6    54.2    55.8

  ── Backward MFU (%) ──
   BS / SeqLen     128     256     512    1024    2048    4096    8192   16384
  ----------------------------------------------------------------------------
             1     0.0     0.1     0.3     1.3     5.0    14.2    33.2    48.4
             2     0.0     0.2     0.7     2.7     9.7    28.5    40.6    48.7
             4     0.1     0.3     1.4     5.4    14.9    36.2    43.9    47.9
             8     0.2     0.7     2.5     9.7    30.3    40.4    45.4    48.1
            16     0.3     1.3     5.4    14.9    35.0    41.6    45.3    47.6
            32     0.6     2.7     9.0    27.1    36.5    42.9    46.0    47.6
            64     1.3     4.8    13.7    29.7    37.1    43.1    45.9    47.5
           128     2.4     6.8    19.7    30.1    37.2    42.8    45.7    47.5

  ── End-to-End MFU (%) ──
   BS / SeqLen     128     256     512    1024    2048    4096    8192   16384
  ----------------------------------------------------------------------------
             1     0.0     0.1     0.2     1.0     3.9    15.3    34.2    50.5
             2     0.0     0.1     0.5     2.1     7.9    29.5    42.2    50.9
             4     0.1     0.3     1.0     4.1    15.9    37.4    45.4    50.5
             8     0.1     0.5     2.0     7.8    31.4    41.0    47.1    49.7
            16     0.3     1.0     4.0    15.7    36.3    43.8    47.8    50.0
            32     0.5     2.0     7.6    28.3    38.0    40.6    48.1    50.0
            64     1.0     3.8    15.9    31.1    38.7    44.3    47.7    49.7
           128     1.9     7.8    20.9    31.8    38.7    44.9    47.8    49.6
  Saved results: training/benchmark/figs/hstu_attn_mfu_results.json

Generating heatmaps ...
  Saved: training/benchmark/figs/hstu_attn_mfu.png
Done.
[rank0]:[W630 03:46:13.126368040 ProcessGroupNCCL.cpp:1524] Warning: WARNING: destroy_process_group() was not called before program exit, which can leak resources. For more info, please see https://pytorch.org/docs/stable/distributed.html#shutdown (function operator())
