     1      128        128 |       0.292         0.11      0.0% |       0.421         0.20      0.0% |       0.608         0.19      0.0%
     1      256        256 |       0.245         0.55      0.0% |       0.436         0.77      0.0% |       0.629         0.75      0.0%
     1      512        512 |       0.247         2.17      0.0% |       0.452         2.97      0.1% |       0.590         3.18      0.1%
     1     1024       1024 |       0.258         8.31      0.2% |       0.440        12.21      0.2% |       0.649        11.59      0.2%
     1     2048       2048 |       0.262        32.83      0.7% |       0.579        37.07      0.7% |       0.657        45.75      0.9%
     1     4096       4096 |       0.285       120.74      2.4% |       0.646       133.02      2.7% |       0.748       160.83      3.2%
     1     8192       8192 |       0.305       450.72      9.0% |       2.116       162.42      3.2% |       2.371       202.86      4.1%
     1    16384      16384 |       0.852       645.36     12.9% |       8.156       168.51      3.4% |       8.933       215.40      4.3%
     2      128        256 |       0.272         0.25      0.0% |       0.473         0.35      0.0% |       0.609         0.39      0.0%
     2      256        512 |       0.257         1.04      0.0% |       0.450         1.49      0.0% |       0.619         1.52      0.0%
     2      512       1024 |       0.257         4.18      0.1% |       0.431         6.23      0.1% |       0.618         6.08      0.1%
     2     1024       2048 |       0.249        17.21      0.3% |       0.457        23.48      0.5% |       0.653        23.03      0.5%
     2     2048       4096 |       0.247        69.42      1.4% |       0.623        68.89      1.4% |       0.694        86.59      1.7%
     2     4096       8192 |       0.276       248.92      5.0% |       1.119       153.54      3.1% |       1.265       190.13      3.8%
     2     8192      16384 |       0.468       586.82     11.7% |       4.226       162.63      3.3% |       4.644       207.17      4.1%
     2    16384      32768 |       1.436       765.50     15.3% |      16.765       163.96      3.3% |      18.120       212.37      4.2%
     4      128        512 |       0.254         0.53      0.0% |       0.426         0.79      0.0% |       0.631         0.74      0.0%
     4      256       1024 |       0.250         2.14      0.0% |       0.435         3.08      0.1% |       0.631         2.98      0.1%
     4      512       2048 |       0.234         9.20      0.2% |       0.433        12.41      0.2% |       0.618        12.15      0.2%
     4     1024       4096 |       0.248        34.66      0.7% |       0.489        43.88      0.9% |       0.636        47.30      0.9%
     4     2048       8192 |       0.266       129.10      2.6% |       0.630       136.35      2.7% |       0.694       173.20      3.5%
     4     4096      16384 |       0.286       480.12      9.6% |       2.207       155.69      3.1% |       2.437       197.42      3.9%
     4     8192      32768 |       0.774       709.89     14.2% |       8.601       159.79      3.2% |       9.354       205.70      4.1%
     4    16384      65536 |       2.610       842.64     16.9% |      33.694       163.16      3.3% |      36.241       212.37      4.2%
     8      128       1024 |       0.241         1.12      0.0% |       0.419         1.60      0.0% |       0.616         1.52      0.0%
     8      256       2048 |       0.242         4.44      0.1% |       0.439         6.12      0.1% |       0.617         6.09      0.1%
     8      512       4096 |       0.255        16.85      0.3% |       0.433        24.78      0.5% |       0.626        24.03      0.5%
     8     1024       8192 |       0.260        66.07      1.3% |       0.624        68.85      1.4% |       0.673        89.30      1.8%
     8     2048      16384 |       0.282       243.31      4.9% |       1.219       140.98      2.8% |       1.352       177.95      3.6%
     8     4096      32768 |       0.437       628.88     12.6% |       4.540       151.36      3.0% |       4.913       195.84      3.9%
     8     8192      65536 |       1.384       794.67     15.9% |      17.378       158.18      3.2% |      18.717       205.60      4.1%
     8    16384     131072 |       4.959       886.93     17.7% |      67.758       162.27      3.2% |      72.622       211.96      4.2%
    16      128       2048 |       0.297         1.80      0.0% |       0.421         3.19      0.1% |       0.613         3.07      0.1%
    16      256       4096 |       0.247         8.68      0.2% |       0.419        12.81      0.3% |       0.575        13.07      0.3%
    16      512       8192 |       0.227        37.92      0.8% |       0.491        43.73      0.9% |       0.628        47.85      1.0%
    16     1024      16384 |       0.269       127.75      2.6% |       0.707       121.47      2.4% |       0.795       151.30      3.0%
    16     2048      32768 |       0.302       455.42      9.1% |       2.474       138.86      2.8% |       2.698       178.26      3.6%
    16     4096      65536 |       0.768       715.60     14.3% |       9.141       150.35      3.0% |       9.858       195.19      3.9%
    16     8192     131072 |       2.604       844.57     16.9% |      35.339       155.57      3.1% |      37.843       203.38      4.1%
    16    16384     262144 |       9.731       903.90     18.1% |     145.639       150.99      3.0% |     155.171       198.40      4.0%
    32      128       4096 |       0.240         4.47      0.1% |       0.435         6.17      0.1% |       0.596         6.31      0.1%
    32      256       8192 |       0.238        18.07      0.4% |       0.432        24.87      0.5% |       0.586        25.63      0.5%
    32      512      16384 |       0.254        67.59      1.4% |       0.540        79.56      1.6% |       0.633        95.00      1.9%
    32     1024      32768 |       0.280       245.53      4.9% |       0.938       183.24      3.7% |       1.079       222.93      4.5%
    32     2048      65536 |       0.470       585.32     11.7% |       3.303       208.05      4.2% |       3.707       259.51      5.2%
    32     4096     131072 |       1.432       767.65     15.4% |      12.381       222.01      4.4% |      13.752       279.83      5.6%
    32     8192     262144 |       5.038       872.92     17.5% |      48.082       228.67      4.6% |      52.906       290.95      5.8%
    32    16384     524288 |      19.109       920.62     18.4% |     188.579       233.22      4.7% |     207.546       296.67      5.9%
    64      128       8192 |       0.226         9.52      0.2% |       0.412        13.03      0.3% |       0.615        12.21      0.2%
    64      256      16384 |       0.250        34.41      0.7% |       0.452        47.55      1.0% |       0.616        48.84      1.0%
    64      512      32768 |       0.262       131.19      2.6% |       0.603       142.45      2.8% |       0.664       181.15      3.6%
    64     1024      65536 |       0.308       445.71      8.9% |       1.818       189.00      3.8% |       2.075       231.85      4.6%
    64     2048     131072 |       0.861       638.34     12.8% |       6.512       211.06      4.2% |       7.312       263.14      5.3%
    64     4096     262144 |       2.759       797.07     15.9% |      24.584       223.63      4.5% |      27.282       282.11      5.6%
    64     8192     524288 |       9.909       887.67     17.8% |      95.388       230.53      4.6% |     105.203       292.64      5.9%
    64    16384    1048576 |      37.909       928.13     18.6% |     375.714       234.12      4.7% |     413.366       297.91      6.0%
   128      128      16384 |       0.234        18.35      0.4% |       0.434        24.71      0.5% |       0.603        24.95      0.5%
   128      256      32768 |       0.250        68.65      1.4% |       0.574        74.76      1.5% |       0.637        94.40      1.9%
   128      512      65536 |       0.295       232.59      4.7% |       1.045       164.36      3.3% |       1.230       195.56      3.9%
   128     1024     131072 |       0.554       496.37      9.9% |       3.521       195.16      3.9% |       4.024       239.10      4.8%
   128     2048     262144 |       1.651       665.95     13.3% |      12.887       213.29      4.3% |      14.484       265.68      5.3%
   128     4096     524288 |       5.406       813.62     16.3% |      48.948       224.63      4.5% |      54.289       283.54      5.7%
   128     8192    1048576 |      19.666       894.56     17.9% |     190.444       230.94      4.6% |     210.053       293.13      5.9%
   128    16384    2097152 |      75.465       932.47     18.6% |     750.342       234.46      4.7% |     825.506       298.35      6.0%
