     1      128        128 |       0.288         0.06      0.0% |       0.429         0.10      0.0% |       0.605         0.10      0.0%
     1      256        256 |       0.248         0.27      0.0% |       0.435         0.39      0.0% |       0.623         0.38      0.0%
     1      512        512 |       0.259         1.04      0.0% |       0.421         1.59      0.0% |       0.609         1.54      0.0%
     1     1024       1024 |       0.258         4.16      0.1% |       0.447         6.01      0.1% |       0.609         6.17      0.1%
     1     2048       2048 |       0.273        15.73      0.3% |       0.493        21.78      0.4% |       0.627        23.96      0.5%
     1     4096       4096 |       0.279        61.63      1.2% |       0.666        64.45      1.3% |       0.701        85.81      1.7%
     1     8192       8192 |       0.339       202.61      4.1% |       1.281       134.08      2.7% |       1.456       165.16      3.3%
     1    16384      16384 |       0.601       457.72      9.2% |       4.628       148.48      3.0% |       5.208       184.72      3.7%
     1    32768      32768 |       1.843       596.47     11.9% |      19.497       140.98      2.8% |      21.220       181.36      3.6%
     2      128        256 |       0.256         0.13      0.0% |       0.419         0.20      0.0% |       0.596         0.20      0.0%
     2      256        512 |       0.260         0.52      0.0% |       0.455         0.74      0.0% |       0.616         0.76      0.0%
     2      512       1024 |       0.277         1.94      0.0% |       0.423         3.17      0.1% |       0.628         2.99      0.1%
     2     1024       2048 |       0.273         7.88      0.2% |       0.417        12.88      0.3% |       0.623        12.07      0.2%
     2     2048       4096 |       0.258        33.33      0.7% |       0.540        39.78      0.8% |       0.620        48.51      1.0%
     2     4096       8192 |       0.309       111.03      2.2% |       0.767       112.00      2.2% |       0.802       150.03      3.0%
     2     8192      16384 |       0.340       403.81      8.1% |       2.494       137.78      2.8% |       2.748       175.04      3.5%
     2    16384      32768 |       0.941       584.44     11.7% |       9.955       138.06      2.8% |      10.839       177.52      3.6%
     2    32768      65536 |       3.155       697.10     13.9% |      40.385       136.13      2.7% |      43.519       176.86      3.5%
     4      128        512 |       0.242         0.28      0.0% |       0.432         0.39      0.0% |       0.615         0.38      0.0%
     4      256       1024 |       0.276         0.97      0.0% |       0.467         1.44      0.0% |       0.659         1.43      0.0%
     4      512       2048 |       0.261         4.11      0.1% |       0.444         6.04      0.1% |       0.678         5.54      0.1%
     4     1024       4096 |       0.263        16.34      0.3% |       0.432        24.88      0.5% |       0.623        24.11      0.5%
     4     2048       8192 |       0.249        68.96      1.4% |       0.656        65.49      1.3% |       0.625        96.23      1.9%
     4     4096      16384 |       0.301       228.45      4.6% |       1.333       128.92      2.6% |       1.466       164.07      3.3%
     4     8192      32768 |       0.519       529.83     10.6% |       5.090       135.01      2.7% |       5.518       174.36      3.5%
     4    16384      65536 |       1.630       674.54     13.5% |      20.617       133.32      2.7% |      22.171       173.58      3.5%
     4    32768     131072 |       5.823       755.34     15.1% |      82.372       133.48      2.7% |      88.049       174.82      3.5%
     8      128       1024 |       0.253         0.53      0.0% |       0.433         0.78      0.0% |       0.607         0.77      0.0%
     8      256       2048 |       0.249         2.16      0.0% |       0.423         3.18      0.1% |       0.637         2.95      0.1%
     8      512       4096 |       0.261         8.22      0.2% |       0.458        11.72      0.2% |       0.599        12.54      0.3%
     8     1024       8192 |       0.254        33.76      0.7% |       0.519        41.38      0.8% |       0.621        48.39      1.0%
     8     2048      16384 |       0.299       115.06      2.3% |       0.749       114.62      2.3% |       0.829       145.14      2.9%
     8     4096      32768 |       0.296       464.53      9.3% |       2.716       126.50      2.5% |       2.944       163.42      3.3%
     8     8192      65536 |       0.855       642.64     12.9% |      10.645       129.11      2.6% |      11.435       168.26      3.4%
     8    16384     131072 |       2.984       736.92     14.7% |      41.984       130.94      2.6% |      44.942       171.25      3.4%
     8    32768     262144 |      11.157       788.41     15.8% |     172.978       127.13      2.5% |     183.238       168.01      3.4%
    16      128       2048 |       0.268         1.00      0.0% |       0.433         1.55      0.0% |       0.627         1.50      0.0%
    16      256       4096 |       0.277         3.87      0.1% |       0.464         5.78      0.1% |       0.625         6.01      0.1%
    16      512       8192 |       0.257        16.70      0.3% |       0.423        25.38      0.5% |       0.612        24.57      0.5%
    16     1024      16384 |       0.266        64.63      1.3% |       0.673        63.81      1.3% |       0.661        91.01      1.8%
    16     2048      32768 |       0.306       224.92      4.5% |       1.486       115.63      2.3% |       1.617       148.71      3.0%
    16     4096      65536 |       0.481       570.94     11.4% |       5.620       122.27      2.4% |       6.020       159.82      3.2%
    16     8192     131072 |       1.567       701.52     14.0% |      21.731       126.49      2.5% |      23.212       165.79      3.3%
    16    16384     262144 |       5.707       770.61     15.4% |      86.068       127.75      2.6% |      91.639       167.98      3.4%
    16    32768     524288 |      21.990       800.01     16.0% |     350.907       125.33      2.5% |     372.718       165.20      3.3%
    32      128       4096 |       0.272         1.97      0.0% |       0.423         3.17      0.1% |       0.606         3.10      0.1%
    32      256       8192 |       0.254         8.45      0.2% |       0.428        12.55      0.3% |       0.609        12.35      0.2%
    32      512      16384 |       0.246        34.92      0.7% |       0.417        51.49      1.0% |       0.622        48.36      1.0%
    32     1024      32768 |       0.279       123.03      2.5% |       0.673       127.60      2.6% |       0.648       185.58      3.7%
    32     2048      65536 |       0.300       457.81      9.2% |       1.642       209.29      4.2% |       1.859       258.80      5.2%
    32     4096     131072 |       0.847       649.20     13.0% |       6.082       225.97      4.5% |       6.841       281.27      5.6%
    32     8192     262144 |       2.941       747.68     15.0% |      23.496       233.97      4.7% |      26.357       292.01      5.8%
    32    16384     524288 |      11.125       790.67     15.8% |      92.405       237.98      4.8% |     103.450       297.60      6.0%
    32    32768    1048576 |      43.318       812.24     16.2% |     366.699       239.87      4.8% |     409.897       300.43      6.0%
    64      128       8192 |       0.248         4.34      0.1% |       0.409         6.56      0.1% |       0.613         6.13      0.1%
    64      256      16384 |       0.248        17.29      0.3% |       0.428        25.11      0.5% |       0.605        24.84      0.5%
    64      512      32768 |       0.240        71.47      1.4% |       0.537        79.94      1.6% |       0.630        95.48      1.9%
    64     1024      65536 |       0.315       218.32      4.4% |       0.867       198.07      4.0% |       1.000       240.48      4.8%
    64     2048     131072 |       0.487       564.71     11.3% |       3.064       224.29      4.5% |       3.475       276.85      5.5%
    64     4096     262144 |       1.571       699.92     14.0% |      11.567       237.64      4.8% |      13.045       295.01      5.9%
    64     8192     524288 |       5.733       767.15     15.3% |      44.904       244.86      4.9% |      50.563       304.43      6.1%
    64    16384    1048576 |      21.981       800.32     16.0% |     177.630       247.60      5.0% |     199.417       308.76      6.2%
    64    32768    2097152 |      86.115       817.15     16.3% |     705.248       249.45      5.0% |     791.024       311.36      6.2%
   128      128      16384 |       0.262         8.20      0.2% |       0.425        12.63      0.3% |       0.627        11.98      0.2%
   128      256      32768 |       0.245        35.13      0.7% |       0.441        48.70      1.0% |       0.649        46.33      0.9%
   128      512      65536 |       0.293       117.20      2.3% |       0.636       135.17      2.7% |       0.702       171.29      3.4%
   128     1024     131072 |       0.327       420.42      8.4% |       1.668       206.02      4.1% |       1.921       250.43      5.0%
   128     2048     262144 |       0.891       617.12     12.3% |       6.031       227.87      4.6% |       6.865       280.30      5.6%
   128     4096     524288 |       3.026       726.71     14.5% |      22.938       239.67      4.8% |      25.896       297.21      5.9%
   128     8192    1048576 |      11.280       779.83     15.6% |      89.526       245.63      4.9% |     100.728       305.64      6.1%
   128    16384    2097152 |      44.305       794.13     15.9% |     353.714       248.68      5.0% |     397.092       310.12      6.2%
   128    32768    4194304 |     171.722       819.56     16.4% |    1406.092       250.23      5.0% |    1577.362       312.28      6.2%
   256      128      32768 |       0.258        16.65      0.3% |       0.431        24.92      0.5% |       0.603        24.92      0.5%
   256      256      65536 |       0.281        61.18      1.2% |       0.615        69.82      1.4% |       0.649        92.71      1.9%
   256      512     131072 |       0.308       223.42      4.5% |       0.972       176.69      3.5% |       1.132       212.47      4.2%
   256     1024     262144 |       0.559       491.71      9.8% |       3.084       222.83      4.5% |       3.572       269.37      5.4%
   256     2048     524288 |       1.704       645.26     12.9% |      11.137       246.81      4.9% |      12.773       301.28      6.0%
   256     4096    1048576 |       5.954       738.71     14.8% |      42.127       261.00      5.2% |      48.020       320.56      6.4%
   256     8192    2097152 |      22.433       784.22     15.7% |     163.456       269.07      5.4% |     185.869       331.27      6.6%
   256    16384    4194304 |      87.036       808.50     16.2% |     644.085       273.13      5.5% |     731.035       336.91      6.7%
   256    32768    8388608 |     342.563       821.67     16.4% |    2555.993       275.31      5.5% |    2898.748       339.86      6.8%
