     1      128        128 |       0.238         0.07      0.0% |       0.493         0.09      0.0% |       0.634         0.09      0.0%
     1      256        256 |       0.169         0.40      0.0% |       0.431         0.39      0.0% |       0.592         0.40      0.0%
     1      512        512 |       0.160         1.67      0.0% |       0.416         1.61      0.0% |       0.609         1.54      0.0%
     1     1024       1024 |       0.159         6.75      0.1% |       0.412         6.51      0.1% |       0.594         6.33      0.1%
     1     2048       2048 |       0.175        24.55      0.5% |       0.410        26.20      0.5% |       0.600        25.04      0.5%
     1     4096       4096 |       0.167       102.79      2.1% |       0.420       102.38      2.0% |       0.589       102.04      2.0%
     1     8192       8192 |       0.187       367.49      7.3% |       0.465       369.51      7.4% |       0.606       397.10      7.9%
     1    16384      16384 |       0.200      1372.46     27.4% |       0.610      1126.30     22.5% |       0.803      1198.16     24.0%
     1    32768      32768 |       0.682      1611.86     32.2% |       2.072      1326.34     26.5% |       2.729      1409.93     28.2%
     2      128        256 |       0.168         0.20      0.0% |       0.410         0.20      0.0% |       0.597         0.20      0.0%
     2      256        512 |       0.167         0.80      0.0% |       0.413         0.81      0.0% |       0.578         0.81      0.0%
     2      512       1024 |       0.159         3.38      0.1% |       0.428         3.14      0.1% |       0.598         3.14      0.1%
     2     1024       2048 |       0.165        13.04      0.3% |       0.400        13.44      0.3% |       0.603        12.47      0.2%
     2     2048       4096 |       0.158        54.36      1.1% |       0.406        52.83      1.1% |       0.583        51.54      1.0%
     2     4096       8192 |       0.186       184.88      3.7% |       0.417       205.81      4.1% |       0.613       196.08      3.9%
     2     8192      16384 |       0.177       774.54     15.5% |       0.524       655.35     13.1% |       0.616       780.71     15.6%
     2    16384      32768 |       0.361      1524.73     30.5% |       1.146      1199.42     24.0% |       1.486      1295.28     25.9%
     2    32768      65536 |       1.292      1701.55     34.0% |       4.070      1350.60     27.0% |       5.344      1440.35     28.8%
     4      128        512 |       0.162         0.41      0.0% |       0.415         0.40      0.0% |       0.584         0.40      0.0%
     4      256       1024 |       0.160         1.68      0.0% |       0.413         1.62      0.0% |       0.616         1.53      0.0%
     4      512       2048 |       0.154         6.99      0.1% |       0.415         6.47      0.1% |       0.579         6.49      0.1%
     4     1024       4096 |       0.162        26.44      0.5% |       0.415        25.85      0.5% |       0.600        25.07      0.5%
     4     2048       8192 |       0.160       107.36      2.1% |       0.415       103.50      2.1% |       0.593       101.46      2.0%
     4     4096      16384 |       0.165       416.95      8.3% |       0.499       344.46      6.9% |       0.622       386.59      7.7%
     4     8192      32768 |       0.204      1347.65     27.0% |       0.686      1001.27     20.0% |       0.880      1093.35     21.9%
     4    16384      65536 |       0.681      1614.48     32.3% |       2.217      1239.87     24.8% |       2.874      1339.03     26.8%
     4    32768     131072 |       2.550      1724.99     34.5% |       8.308      1323.48     26.5% |      11.087      1388.46     27.8%
     8      128       1024 |       0.157         0.86      0.0% |       0.418         0.80      0.0% |       0.583         0.81      0.0%
     8      256       2048 |       0.161         3.34      0.1% |       0.421         3.19      0.1% |       0.616         3.05      0.1%
     8      512       4096 |       0.165        13.00      0.3% |       0.429        12.53      0.3% |       0.588        12.79      0.3%
     8     1024       8192 |       0.149        57.50      1.1% |       0.419        51.23      1.0% |       0.592        50.80      1.0%
     8     2048      16384 |       0.164       210.11      4.2% |       0.440       195.32      3.9% |       0.626       192.21      3.8%
     8     4096      32768 |       0.171       804.42     16.1% |       0.519       662.08     13.2% |       0.628       766.36     15.3%
     8     8192      65536 |       0.378      1452.47     29.0% |       1.265      1086.56     21.7% |       1.622      1186.06     23.7%
     8    16384     131072 |       1.332      1650.76     33.0% |       4.315      1274.04     25.5% |       5.627      1367.89     27.4%
     8    32768     262144 |       5.281      1665.59     33.3% |      17.154      1281.90     25.6% |      22.692      1356.71     27.1%
    16      128       2048 |       0.157         1.71      0.0% |       0.409         1.64      0.0% |       0.590         1.59      0.0%
    16      256       4096 |       0.164         6.56      0.1% |       0.409         6.56      0.1% |       0.598         6.28      0.1%
    16      512       8192 |       0.163        26.40      0.5% |       0.400        26.84      0.5% |       0.576        26.11      0.5%
    16     1024      16384 |       0.166       103.72      2.1% |       0.407       105.46      2.1% |       0.582       103.30      2.1%
    16     2048      32768 |       0.175       392.94      7.9% |       0.500       343.85      6.9% |       0.638       377.20      7.5%
    16     4096      65536 |       0.258      1066.29     21.3% |       0.831       827.09     16.5% |       1.074       895.45     17.9%
    16     8192     131072 |       0.781      1408.57     28.2% |       2.408      1141.56     22.8% |       3.119      1233.69     24.7%
    16    16384     262144 |       2.637      1667.60     33.4% |       8.864      1240.42     24.8% |      11.776      1307.22     26.1%
    16    32768     524288 |      10.861      1619.83     32.4% |      34.246      1284.25     25.7% |      45.459      1354.48     27.1%
    32      128       4096 |       0.158         3.40      0.1% |       0.418         3.21      0.1% |       0.584         3.22      0.1%
    32      256       8192 |       0.175        12.26      0.2% |       0.410        13.10      0.3% |       0.593        12.68      0.3%
    32      512      16384 |       0.156        54.99      1.1% |       0.410        52.38      1.0% |       0.585        51.35      1.0%
    32     1024      32768 |       0.182       189.19      3.8% |       0.468       183.70      3.7% |       0.614       195.99      3.9%
    32     2048      65536 |       0.179       769.09     15.4% |       0.532       645.41     12.9% |       0.702       685.56     13.7%
    32     4096     131072 |       0.445      1235.21     24.7% |       1.453       945.84     18.9% |       1.869      1029.66     20.6%
    32     8192     262144 |       1.426      1542.34     30.8% |       4.705      1168.49     23.4% |       6.227      1236.10     24.7%
    32    16384     524288 |       5.536      1588.98     31.8% |      18.345      1198.71     24.0% |      23.696      1299.22     26.0%
    32    32768    1048576 |      21.811      1613.11     32.3% |      69.972      1257.08     25.1% |      91.953      1339.21     26.8%
    64      128       8192 |       0.166         6.45      0.1% |       0.405         6.62      0.1% |       0.588         6.39      0.1%
    64      256      16384 |       0.165        25.97      0.5% |       0.400        26.87      0.5% |       0.585        25.70      0.5%
    64      512      32768 |       0.185        92.91      1.9% |       0.434        98.96      2.0% |       0.591       101.75      2.0%
    64     1024      65536 |       0.195       351.52      7.0% |       0.495       346.78      6.9% |       0.652       369.17      7.4%
    64     2048     131072 |       0.312       879.86     17.6% |       0.983       699.13     14.0% |       1.258       764.88     15.3%
    64     4096     262144 |       0.840      1308.97     26.2% |       2.819       975.07     19.5% |       3.630      1060.16     21.2%
    64     8192     524288 |       2.831      1553.52     31.1% |       9.827      1118.82     22.4% |      13.078      1177.05     23.5%
    64    16384    1048576 |      11.389      1544.62     30.9% |      36.380      1208.91     24.2% |      47.646      1292.28     25.8%
    64    32768    2097152 |      43.773      1607.60     32.2% |     140.390      1253.09     25.1% |     184.888      1332.11     26.6%
   128      128      16384 |       0.192        11.17      0.2% |       0.512        10.50      0.2% |       0.630        11.93      0.2%
   128      256      32768 |       0.190        45.23      0.9% |       0.435        49.34      1.0% |       0.620        48.47      1.0%
   128      512      65536 |       0.176       195.57      3.9% |       0.541       158.84      3.2% |       0.626       192.07      3.8%
   128     1024     131072 |       0.297       462.83      9.3% |       0.842       408.21      8.2% |       1.113       432.20      8.6%
   128     2048     262144 |       0.676       813.53     16.3% |       2.106       652.60     13.1% |       2.450       785.25     15.7%
   128     4096     524288 |       1.654      1329.72     26.6% |       5.529       994.33     19.9% |       7.243      1062.66     21.3%
   128     8192    1048576 |       5.912      1487.90     29.8% |      19.894      1105.37     22.1% |      25.694      1198.21     24.0%
   128    16384    2097152 |      22.687      1550.83     31.0% |      72.778      1208.62     24.2% |      97.462      1263.52     25.3%
   128    32768    4194304 |      87.627      1606.09     32.1% |     283.283      1242.02     24.8% |     371.764      1324.98     26.5%
   256      128      32768 |       0.187        22.94      0.5% |       0.428        25.06      0.5% |       0.617        24.37      0.5%
   256      256      65536 |       0.169       101.62      2.0% |       0.518        82.84      1.7% |       0.620        96.98      1.9%
   256      512     131072 |       0.266       258.70      5.2% |       0.702       244.69      4.9% |       0.949       253.51      5.1%
   256     1024     262144 |       0.564       487.04      9.7% |       1.404       489.29      9.8% |       1.879       511.92     10.2%
   256     2048     524288 |       1.166       943.31     18.9% |       3.663       750.33     15.0% |       4.806       800.80     16.0%
   256     4096    1048576 |       3.340      1316.92     26.3% |      11.255       976.88     19.5% |      15.012      1025.38     20.5%
   256     8192    2097152 |      12.015      1464.24     29.3% |      39.525      1112.72     22.3% |      51.121      1204.45     24.1%
   256    16384    4194304 |      47.400      1484.56     29.7% |     147.614      1191.77     23.8% |     192.435      1279.86     25.6%
   256    32768    8388608 |       OOM
   512      128      65536 |       0.295        29.13      0.6% |       0.523        41.03      0.8% |       0.691        43.51      0.9%
   512      256     131072 |       0.252       136.48      2.7% |       0.561       153.03      3.1% |       0.796       151.00      3.0%
   512      512     262144 |       0.491       279.73      5.6% |       1.185       289.99      5.8% |       1.655       290.72      5.8%
   512     1024     524288 |       1.047       525.05     10.5% |       2.758       498.37     10.0% |       3.776       509.62     10.2%
   512     2048    1048576 |       2.469       890.65     17.8% |       7.241       759.20     15.2% |       9.688       794.44     15.9%
   512     4096    2097152 |       7.054      1246.97     24.9% |      22.040       997.74     20.0% |      29.102      1057.86     21.2%
   512     8192    4194304 |      24.038      1463.68     29.3% |      77.354      1137.12     22.7% |     104.185      1181.98     23.6%
     1    65536      65536 |       2.540      1731.84     34.6% |       7.773      1414.47     28.3% |      10.589      1453.63     29.1%
     2    65536     131072 |       5.219      1685.32     33.7% |      16.441      1337.55     26.8% |      21.851      1408.89     28.2%
     4    65536     262144 |      10.458      1682.11     33.6% |      32.909      1336.41     26.7% |      43.458      1416.84     28.3%
     8    65536     524288 |      20.801      1691.50     33.8% |      68.655      1281.20     25.6% |      89.019      1383.36     27.7%
    16    65536    1048576 |      41.976      1676.39     33.5% |     134.716      1305.87     26.1% |     176.303      1396.98     27.9%
    32    65536    2097152 |      85.013      1655.48     33.1% |     268.995      1307.99     26.2% |     353.391      1393.87     27.9%
    64    65536    4194304 |     170.325      1652.57     33.1% |     539.130      1305.23     26.1% |     709.605      1388.32     27.8%
   512    16384    8388608 |       OOM
   512    32768   16777216 |       OOM
   512    65536   33554432 |       OOM
   128    65536    8388608 |       OOM
   256    65536   16777216 |       OOM
