     1      128        128 |       0.243         0.14      0.0% |       0.437         0.19      0.0% |       0.613         0.19      0.0%
     1      256        256 |       0.236         0.57      0.0% |       0.445         0.75      0.0% |       0.642         0.73      0.0%
     1      512        512 |       0.247         2.18      0.0% |       0.432         3.11      0.1% |       0.645         2.91      0.1%
     1     1024       1024 |       0.250         8.59      0.2% |       0.444        12.10      0.2% |       0.654        11.48      0.2%
     1     2048       2048 |       0.276        31.16      0.6% |       0.590        36.40      0.7% |       0.696        43.18      0.9%
     1     4096       4096 |       0.273       126.09      2.5% |       0.649       132.39      2.6% |       0.744       161.73      3.2%
     1     8192       8192 |       0.308       446.72      8.9% |       2.121       161.98      3.2% |       2.373       202.69      4.1%
     1    16384      16384 |       0.849       647.18     12.9% |       8.221       167.18      3.3% |       8.934       215.38      4.3%
     1    32768      32768 |       2.738       803.03     16.1% |      32.960       166.79      3.3% |      35.497       216.82      4.3%
     2      128        256 |       0.230         0.29      0.0% |       0.427         0.39      0.0% |       0.651         0.36      0.0%
     2      256        512 |       0.237         1.13      0.0% |       0.427         1.57      0.0% |       0.650         1.44      0.0%
     2      512       1024 |       0.259         4.15      0.1% |       0.443         6.06      0.1% |       0.639         5.88      0.1%
     2     1024       2048 |       0.268        16.04      0.3% |       0.449        23.93      0.5% |       0.669        22.46      0.4%
     2     2048       4096 |       0.254        67.65      1.4% |       0.623        68.90      1.4% |       0.672        89.44      1.8%
     2     4096       8192 |       0.289       238.09      4.8% |       1.115       154.05      3.1% |       1.254       191.82      3.8%
     2     8192      16384 |       0.471       584.21     11.7% |       4.246       161.84      3.2% |       4.646       207.05      4.1%
     2    16384      32768 |       1.435       766.15     15.3% |      16.778       163.83      3.3% |      18.086       212.77      4.3%
     2    32768      65536 |       5.051       870.73     17.4% |      65.901       166.84      3.3% |      70.858       217.24      4.3%
     4      128        512 |       0.243         0.55      0.0% |       0.416         0.81      0.0% |       0.635         0.74      0.0%
     4      256       1024 |       0.263         2.04      0.0% |       0.427         3.14      0.1% |       0.636         2.95      0.1%
     4      512       2048 |       0.240         8.94      0.2% |       0.429        12.52      0.3% |       0.614        12.24      0.2%
     4     1024       4096 |       0.272        31.55      0.6% |       0.493        43.55      0.9% |       0.645        46.59      0.9%
     4     2048       8192 |       0.283       121.31      2.4% |       0.631       136.16      2.7% |       0.702       171.27      3.4%
     4     4096      16384 |       0.291       473.03      9.5% |       2.206       155.79      3.1% |       2.420       198.78      4.0%
     4     8192      32768 |       0.772       712.41     14.2% |       8.666       158.60      3.2% |       9.374       205.25      4.1%
     4    16384      65536 |       2.612       841.88     16.8% |      33.773       162.78      3.3% |      36.171       212.78      4.3%
     4    32768     131072 |       9.638       912.63     18.3% |     138.984       158.22      3.2% |     150.279       204.86      4.1%
     8      128       1024 |       0.288         0.93      0.0% |       0.440         1.53      0.0% |       0.618         1.52      0.0%
     8      256       2048 |       0.232         4.64      0.1% |       0.421         6.38      0.1% |       0.629         5.98      0.1%
     8      512       4096 |       0.268        16.01      0.3% |       0.433        24.82      0.5% |       0.632        23.79      0.5%
     8     1024       8192 |       0.241        71.42      1.4% |       0.641        67.05      1.3% |       0.666        90.28      1.8%
     8     2048      16384 |       0.278       247.61      5.0% |       1.214       141.53      2.8% |       1.351       178.04      3.6%
     8     4096      32768 |       0.438       627.34     12.5% |       4.544       151.22      3.0% |       4.909       195.98      3.9%
     8     8192      65536 |       1.380       796.71     15.9% |      17.384       158.12      3.2% |      18.713       205.65      4.1%
     8    16384     131072 |       4.953       887.99     17.8% |      67.827       162.11      3.2% |      72.626       211.95      4.2%
     8    32768     262144 |      18.968       927.44     18.5% |     288.437       152.48      3.0% |     307.392       200.31      4.0%
    16      128       2048 |       0.241         2.23      0.0% |       0.418         3.21      0.1% |       0.627         3.00      0.1%
    16      256       4096 |       0.261         8.22      0.2% |       0.440        12.20      0.2% |       0.626        12.00      0.2%
    16      512       8192 |       0.257        33.48      0.7% |       0.518        41.47      0.8% |       0.656        45.85      0.9%
    16     1024      16384 |       0.300       114.37      2.3% |       0.709       121.19      2.4% |       0.798       150.69      3.0%
    16     2048      32768 |       0.280       491.57      9.8% |       2.466       139.31      2.8% |       2.700       178.14      3.6%
    16     4096      65536 |       0.772       712.12     14.2% |       9.150       150.20      3.0% |       9.874       194.86      3.9%
    16     8192     131072 |       2.600       845.68     16.9% |      35.363       155.46      3.1% |      37.814       203.54      4.1%
    16    16384     262144 |       9.649       911.56     18.2% |     145.608       151.02      3.0% |     155.201       198.36      4.0%
    16    32768     524288 |      37.286       943.64     18.9% |     579.365       151.82      3.0% |     616.496       199.75      4.0%
    32      128       4096 |       0.270         3.97      0.1% |       0.447         6.00      0.1% |       0.605         6.21      0.1%
    32      256       8192 |       0.254        16.91      0.3% |       0.403        26.67      0.5% |       0.611        24.61      0.5%
    32      512      16384 |       0.255        67.32      1.3% |       0.538        79.77      1.6% |       0.665        90.39      1.8%
    32     1024      32768 |       0.280       245.44      4.9% |       0.937       183.38      3.7% |       1.081       222.59      4.5%
    32     2048      65536 |       0.469       586.20     11.7% |       3.295       208.53      4.2% |       3.715       259.00      5.2%
    32     4096     131072 |       1.432       767.66     15.4% |      12.374       222.13      4.4% |      13.752       279.84      5.6%
    32     8192     262144 |       5.042       872.36     17.4% |      47.890       229.59      4.6% |      52.899       290.99      5.8%
    32    16384     524288 |      19.034       924.26     18.5% |     188.699       233.07      4.7% |     207.609       296.58      5.9%
    32    32768    1048576 |      74.226       948.03     19.0% |     748.673       234.98      4.7% |     822.688       299.37      6.0%
    64      128       8192 |       0.266         8.07      0.2% |       0.414        12.97      0.3% |       0.614        12.25      0.2%
    64      256      16384 |       0.250        34.29      0.7% |       0.447        48.08      1.0% |       0.637        47.18      0.9%
    64      512      32768 |       0.279       123.13      2.5% |       0.617       139.26      2.8% |       0.674       178.31      3.6%
    64     1024      65536 |       0.308       445.62      8.9% |       1.813       189.57      3.8% |       2.069       232.50      4.6%
    64     2048     131072 |       0.862       637.71     12.8% |       6.510       211.11      4.2% |       7.323       262.76      5.3%
    64     4096     262144 |       2.757       797.65     16.0% |      24.600       223.47      4.5% |      27.301       281.92      5.6%
    64     8192     524288 |       9.919       886.83     17.7% |      95.445       230.40      4.6% |     105.333       292.28      5.8%
    64    16384    1048576 |      37.811       930.53     18.6% |     375.723       234.11      4.7% |     413.439       297.86      6.0%
    64    32768    2097152 |     147.963       951.17     19.0% |    1490.498       236.06      4.7% |    1638.032       300.72      6.0%
   128      128      16384 |       0.261        16.44      0.3% |       0.425        25.25      0.5% |       0.619        24.28      0.5%
   128      256      32768 |       0.287        59.82      1.2% |       0.593        72.47      1.4% |       0.661        90.92      1.8%
   128      512      65536 |       0.282       243.83      4.9% |       1.047       164.03      3.3% |       1.230       195.50      3.9%
   128     1024     131072 |       0.554       496.57      9.9% |       3.519       195.26      3.9% |       4.022       239.19      4.8%
   128     2048     262144 |       1.650       666.41     13.3% |      12.875       213.50      4.3% |      14.468       265.98      5.3%
   128     4096     524288 |       5.404       813.81     16.3% |      48.967       224.54      4.5% |      54.307       283.44      5.7%
   128     8192    1048576 |      19.684       893.71     17.9% |     190.487       230.88      4.6% |     210.142       293.00      5.9%
   128    16384    2097152 |      75.370       933.65     18.7% |     750.332       234.46      4.7% |     825.559       298.33      6.0%
   128    32768    4194304 |     295.534       952.43     19.0% |    2978.578       236.25      4.7% |    3273.795       300.92      6.0%
   256      128      32768 |       0.243        35.35      0.7% |       0.544        39.49      0.8% |       0.657        45.77      0.9%
   256      256      65536 |       0.311       110.66      2.2% |       0.635       135.28      2.7% |       0.781       153.91      3.1%
   256      512     131072 |       0.406       338.29      6.8% |       1.848       185.90      3.7% |       2.202       218.46      4.4%
   256     1024     262144 |       1.048       524.69     10.5% |       6.313       217.70      4.4% |       7.301       263.56      5.3%
   256     2048     524288 |       3.218       683.41     13.7% |      22.859       240.50      4.8% |      26.018       295.82      5.9%
   256     4096    1048576 |      10.710       821.27     16.4% |      86.476       254.29      5.1% |      97.180       316.80      6.3%
   256     8192    2097152 |      39.185       897.90     18.0% |     335.974       261.81      5.2% |     375.103       328.30      6.6%
   256    16384    4194304 |     150.614       934.42     18.7% |    1323.246       265.89      5.3% |    1473.446       334.31      6.7%
   256    32768    8388608 |     589.353       955.20     19.1% |    5252.105       267.96      5.4% |    5841.567       337.29      6.7%
   512      128      65536 |    0.420     40.90    0.8% |    0.593     72.40    1.4% |    0.679     88.60    1.8%
   512      256     131072 |    0.328    209.90    4.2% |    1.216    141.30    2.8% |    1.479    162.50    3.2%
   512      512     262144 |    0.829    331.20    6.6% |    3.682    186.60    3.7% |    4.324    222.50    4.5%
   512     1024     524288 |    2.100    523.80   10.5% |   12.551    219.00    4.4% |   14.468    266.00    5.3%
   512     2048    1048576 |    6.441    682.90   13.7% |   45.585    241.20    4.8% |   51.829    297.00    5.9%
   512     4096    2097152 |   21.388    822.50   16.4% |  172.674    254.70    5.1% |  193.748    317.80    6.4%
   512     8192    4194304 |   78.292    898.80   18.0% |  670.437    262.40    5.2% |  748.382    329.10    6.6%
   512    16384    8388608 |  301.106    934.80   18.7% | 2641.426    266.40    5.3% | 2942.579    334.80    6.7%
   512    32768   16777216 |       OOM
   512    65536   33554432 |       OOM
     1    65536      65536 |       HANG
     2    65536     131072 |       HANG
     4    65536     262144 |       HANG
     8    65536     524288 |       HANG
    16    65536    1048576 |       HANG
    32    65536    2097152 |       HANG
    64    65536    4194304 |       HANG
   128    65536    8388608 |       HANG
   256    65536   16777216 |       HANG
